759.9749522209167,0.7992011901855468,0.01999999999998181,17.48947963012695,0.09720611572265625,0
759.9782180786133,0.7988563415527343,0.03999999999996362,18.075198929443356,0.12009429931640625,0
759.9828684329987,0.7802345153808593,0.01999999999998181,17.58812709106445,0.12772369384765625,0
759.9879677295685,0.8123054382324219,-0.12000000000000455,17.591209824218748,0.10483551025390625,0
759.9929947853088,0.7874763366699219,0.01999999999998181,17.464817764892576,0.12772369384765625,0
759.9979853630066,0.7957527038574218,0.01999999999998181,17.671360886230467,0.12009429931640625,0
760.002965927124,0.7978217956542969,0.03999999999996362,17.66827815307617,0.10483551025390625,0
760.0219886302948,0.7988563415527343,0.03999999999996362,17.548051560058592,0.10483551025390625,0
760.0439734458923,0.7929939147949219,0.03999999999996362,17.366170303955077,0.12772369384765625,0
760.0539801120758,0.7878211853027344,0.01999999999998181,17.566547958984373,0.10483551025390625,0
760.0580132007599,0.7981666442871094,0.01999999999998181,17.474065964355468,0.12009429931640625,0
760.0623931884766,0.7960975524902344,0.01999999999998181,18.16151545776367,0.14298248291015625,0
760.0674102306366,0.7771308776855469,-0.12000000000000455,17.603540756835937,0.12009429931640625,0
760.0724210739136,0.8081672546386719,0.01999999999998181,17.504893295898437,0.12772369384765625,0
760.0770094394684,0.7826484558105469,-0.12000000000000455,17.396997635498046,0.10483551025390625,0
760.0828995704651,0.7988563415527343,-0.12000000000000455,17.58196162475586,0.12009429931640625,0
760.087423324585,0.7988563415527343,0.01999999999998181,17.58196162475586,0.09720611572265625,0
760.0923891067505,0.7705787536621094,0.01999999999998181,17.467900498046873,0.10483551025390625,0
760.0978617668152,0.8116157409667969,-0.12000000000000455,17.63128535522461,0.12009429931640625,0
760.102874994278,0.7833381530761718,0.03999999999996362,17.683691818847656,0.12772369384765625,0
760.1068916320801,0.7885108825683593,0.01999999999998181,17.50181056274414,0.12009429931640625,0
760.1129081249237,0.7974769470214843,0.01999999999998181,18.34031398071289,0.10483551025390625,0
760.1289083957672,0.8009254333496093,0.01999999999998181,18.08136439575195,0.10483551025390625,0
760.1549272537231,0.8016151306152344,0.01999999999998181,17.563465225830075,0.12772369384765625,0
760.1649425029755,0.7933387634277344,0.01999999999998181,17.58196162475586,0.09720611572265625,0
760.1689345836639,0.8050636169433594,-0.12000000000000455,17.655947220458984,0.12772369384765625,0
760.1729423999786,0.7985114929199219,0.03999999999996362,17.52030696166992,0.09720611572265625,0
760.1770994663239,0.7764411804199218,0.03999999999996362,17.396997635498046,0.12772369384765625,0
760.1821990013123,0.8085121032714844,0.03999999999996362,17.58812709106445,0.12772369384765625,0
760.1862006187439,0.7854072448730468,0.03999999999996362,17.6374508215332,0.10483551025390625,0
760.1919538974762,0.7940284606933593,0.01999999999998181,17.474065964355468,0.12772369384765625,0
760.1979892253876,0.7964424011230469,0.01999999999998181,17.662112686767575,0.10483551025390625,0
760.2029032707214,0.7898902770996094,-0.13999999999998636,17.67752635253906,0.10483551025390625,0
760.2079508304596,0.8009254333496093,0.01999999999998181,17.48947963012695,0.10483551025390625,0
760.2129650115967,0.7892005798339844,0.01999999999998181,18.343396713867186,0.10483551025390625,0
760.2179253101349,0.8047187683105469,0.03999999999996362,17.603540756835937,0.12009429931640625,0
760.2369680404663,0.7885108825683593,0.03999999999996362,17.643616287841795,0.12772369384765625,0
760.2549495697021,0.7933387634277344,0.03999999999996362,17.514141495361326,0.12009429931640625,0
760.2648651599884,0.7805793640136719,-0.12000000000000455,17.615871689453122,0.10483551025390625,0
760.2688677310944,0.7902351257324218,0.01999999999998181,17.689857285156247,0.12772369384765625,0
760.2728712558746,0.8026496765136718,0.01999999999998181,17.50797602905273,0.10483551025390625,0
760.2778935432434,0.7854072448730468,0.01999999999998181,17.384666702880857,0.12009429931640625,0
760.2829067707062,0.7985114929199219,0.03999999999996362,17.572713425292967,0.14298248291015625,0
760.2869899272919,0.7760963317871094,0.03999999999996362,17.594292557373045,0.10483551025390625,0
760.2929527759552,0.8081672546386719,0.03999999999996362,17.45865229858398,0.12772369384765625,0
760.2970221042633,0.7785102722167968,0.01999999999998181,18.46670604003906,0.12009429931640625,0
760.3028845787048,0.8050636169433594,0.01999999999998181,17.683691818847656,0.10483551025390625,0
760.3079242706299,0.7850623962402343,0.01999999999998181,17.486396896972654,0.10483551025390625,0
760.3128936290741,0.7854072448730468,0.03999999999996362,18.491367905273435,0.12009429931640625,0
760.3174843788147,0.8054084655761719,-0.12000000000000455,17.603540756835937,0.10483551025390625,0
760.3228902816772,0.7888557312011718,-0.12000000000000455,17.504893295898437,0.12009429931640625,0
760.3278980255127,0.8081672546386719,-0.12000000000000455,17.38158396972656,0.10483551025390625,0
760.3329968452454,0.7864417907714844,0.01999999999998181,17.58196162475586,0.12009429931640625,0
760.3518724441528,0.8512733337402343,0.01999999999998181,17.689857285156247,0.12009429931640625,0
760.37087225914,0.7598884460449219,-0.12000000000000455,17.606623489990234,0.12772369384765625,0
760.379940032959,0.7895454284667969,-0.12000000000000455,17.82549754394531,0.12009429931640625,0
760.3830273151398,0.7547157165527344,0.03999999999996362,17.591209824218748,0.10483551025390625,0
760.3874788284302,0.8192024108886719,0.03999999999996362,17.603540756835937,0.12009429931640625,0
760.3924829959869,0.7864417907714844,-0.12000000000000455,17.45865229858398,0.10483551025390625,0
760.3972384929657,0.7788551208496094,0.03999999999996362,17.683691818847656,0.12009429931640625,0
760.4012489318848,0.8181678649902343,-0.10000000000002274,17.683691818847656,0.10483551025390625,0
760.406247138977,0.7736823913574219,-0.10000000000002274,17.504893295898437,0.12772369384765625,0
760.4114995002747,0.8054084655761719,0.03999999999996362,17.52030696166992,0.09720611572265625,0
760.4170484542847,0.7947181579589844,0.01999999999998181,17.597375290527342,0.12772369384765625,0
760.4229514598846,0.7809242126464844,0.01999999999998181,17.514141495361326,0.12772369384765625,0
760.4262068271637,0.8081672546386719,0.01999999999998181,17.37233577026367,0.09720611572265625,0
760.4319541454315,0.7871314880371093,0.01999999999998181,17.591209824218748,0.12009429931640625,0
760.4378886222839,0.7992011901855468,0.01999999999998181,17.58196162475586,0.10483551025390625,0
760.4428944587708,0.7998908874511719,-0.13999999999998636,17.46173503173828,0.10483551025390625,0
760.4618604183197,0.7978217956542969,0.01999999999998181,17.6374508215332,0.12772369384765625,0
760.4805254936218,0.8016151306152344,0.01999999999998181,17.779256546630858,0.12772369384765625,0
760.4909508228302,0.8012702819824219,0.01999999999998181,17.492562363281248,0.10483551025390625,0
760.4948899745941,0.7902351257324218,-0.12000000000000455,17.40932856811523,0.12772369384765625,0
760.4989542961121,0.7902351257324218,0.03999999999996362,17.58196162475586,0.09720611572265625,0
760.5029428005219,0.7898902770996094,0.01999999999998181,17.67752635253906,0.12009429931640625,0
760.5088682174683,0.7981666442871094,0.01999999999998181,17.474065964355468,0.12009429931640625,0
760.5128617286682,0.7798896667480468,0.03999999999996362,18.568436234130857,0.12772369384765625,0
760.5178065299988,0.7978217956542969,0.03999999999996362,17.612788956298825,0.10483551025390625,0
760.5228455066681,0.7947181579589844,0.03999999999996362,17.514141495361326,0.13535308837890625,0
760.526871919632,0.7750617858886718,0.03999999999996362,17.366170303955077,0.12772369384765625,0
760.532844543457,0.8119605895996094,0.03999999999996362,17.58812709106445,0.10483551025390625,0
760.5378365516663,0.7885108825683593,0.03999999999996362,17.58196162475586,0.12772369384765625,0
760.5428485870361,0.7816139099121093,0.03999999999996362,17.446321365966796,0.10483551025390625,0
760.5478630065918,0.7981666442871094,-0.12000000000000455,17.665195419921872,0.12772369384765625,0
760.5668783187866,0.7854072448730468,0.03999999999996362,17.58812709106445,0.14298248291015625,0
760.5869002342224,0.7657508728027344,0.01999999999998181,17.63128535522461,0.12772369384765625,0
760.5968821048737,0.8012702819824219,-0.12000000000000455,18.445126907958983,0.14298248291015625,0
760.6002058982849,0.7712684509277343,0.03999999999996362,17.58812709106445,0.12009429931640625,0
760.604207277298,0.8140296813964844,0.03999999999996362,17.554217026367187,0.09720611572265625,0
760.609207868576,0.7867866394042968,0.03999999999996362,17.418576767578124,0.12009429931640625,0
760.6132345199585,0.7774757263183594,0.01999999999998181,17.948806870117185,0.12009429931640625,0
760.6179423332214,0.8112708923339843,0.01999999999998181,17.612788956298825,0.13535308837890625,0
760.6222243309021,0.7726478454589844,0.01999999999998181,17.51105876220703,0.12009429931640625,0
760.6272537708282,0.7964424011230469,0.01999999999998181,17.39083216918945,0.12009429931640625,0
760.6312537193298,0.8212715026855468,-0.12000000000000455,17.58196162475586,0.10483551025390625,0
760.637229681015,0.7674751159667969,-0.12000000000000455,17.572713425292967,0.10483551025390625,0
760.6429498195648,0.8123054382324219,0.01999999999998181,17.427824967041015,0.12772369384765625,0
760.646849155426,0.7898902770996094,0.01999999999998181,18.306403916015622,0.10483551025390625,0
760.6521935462952,0.7912696716308594,0.01999999999998181,17.665195419921872,0.10483551025390625,0
760.6568944454193,0.7985114929199219,0.01999999999998181,17.495645096435545,0.12009429931640625,0
760.662234544754,0.7819587585449218,0.01999999999998181,18.263245651855467,0.12772369384765625,0
760.6752460002899,0.7916145202636719,-0.12000000000000455,17.474065964355468,0.12009429931640625,0
760.6979477405548,0.7898902770996094,0.01999999999998181,17.622037155761717,0.09720611572265625,0
760.7082319259644,0.7774757263183594,0.01999999999998181,17.48023143066406,0.12772369384765625,0
760.7122941017151,0.7998908874511719,0.01999999999998181,18.08136439575195,0.12772369384765625,0
760.7175064086914,0.7957527038574218,0.03999999999996362,17.597375290527342,0.12009429931640625,0
760.7224974632263,0.7764411804199218,0.03999999999996362,17.51105876220703,0.12009429931640625,0
760.7279121875763,0.8009254333496093,0.03999999999996362,17.400080368652343,0.12772369384765625,0
760.7312338352203,0.7795448181152344,-0.12000000000000455,17.58196162475586,0.09720611572265625,0
760.7375054359436,0.7967872497558594,-0.12000000000000455,17.594292557373045,0.12009429931640625,0
760.7422957420349,0.7902351257324218,0.03999999999996362,17.4401558996582,0.10483551025390625,0
760.7479424476624,0.7829933044433594,0.03999999999996362,17.615871689453122,0.12772369384765625,0
760.7512664794922,0.7902351257324218,0.03999999999996362,17.689857285156247,0.12772369384765625,0
760.7578876018524,0.7988563415527343,0.03999999999996362,17.483314163818356,0.13535308837890625,0
760.762332201004,0.7854072448730468,0.03999999999996362,18.281742050781247,0.12772369384765625,0
760.7677402496338,0.8060981628417968,0.01999999999998181,17.603540756835937,0.12009429931640625,0
760.7818245887756,0.8185127136230469,0.01999999999998181,17.58196162475586,0.09720611572265625,0
760.8041896820068,0.7936836120605468,0.03999999999996362,17.554217026367187,0.12772369384765625,0
760.81520652771,0.7892005798339844,0.03999999999996362,17.572713425292967,0.12009429931640625,0
760.8185086250305,0.7954078552246093,0.03999999999996362,17.705270950927734,0.10483551025390625,0
760.8225107192993,0.7916145202636719,0.03999999999996362,17.514141495361326,0.12772369384765625,0
760.8279423713684,0.7960975524902344,0.03999999999996362,17.39083216918945,0.10483551025390625,0
760.8311958312988,0.7916145202636719,-0.12000000000000455,17.591209824218748,0.12772369384765625,0
760.8362076282501,0.7902351257324218,0.03999999999996362,17.62820262207031,0.10483551025390625,0
760.8412053585052,0.7888557312011718,0.01999999999998181,17.47098323120117,0.12772369384765625,0
760.8468856811523,0.7929939147949219,0.01999999999998181,18.420465042724608,0.12009429931640625,0
760.852817773819,0.7960975524902344,0.01999999999998181,17.674443619384764,0.12009429931640625,0
760.8561987876892,0.8047187683105469,0.01999999999998181,17.50181056274414,0.13535308837890625,0
760.861802816391,0.7912696716308594,0.01999999999998181,17.486396896972654,0.13535308837890625,0
760.8672339916229,0.8081672546386719,-0.13999999999998636,17.603540756835937,0.13535308837890625,0
760.8722298145294,0.7843726989746094,-0.13999999999998636,17.504893295898437,0.10483551025390625,0
760.8772447109222,0.7985114929199219,0.01999999999998181,17.396997635498046,0.12009429931640625,0
760.8903188705444,0.7960975524902344,-0.13999999999998636,17.492562363281248,0.10483551025390625,0
760.9128580093384,0.8126502868652343,-0.12000000000000455,18.531443436279297,0.12009429931640625,0
760.9244508743286,0.7998908874511719,-0.13999999999998636,17.483314163818356,0.12009429931640625,0
760.9284551143646,0.8157539245605469,0.01999999999998181,18.306403916015622,0.10483551025390625,0
760.932540178299,0.7833381530761718,0.01999999999998181,17.58196162475586,0.12009429931640625,0
760.9376075267792,0.7988563415527343,0.01999999999998181,17.585044357910153,0.10483551025390625,0
760.9426116943359,0.7936836120605468,0.01999999999998181,17.4401558996582,0.09720611572265625,0
760.9478793144226,0.7895454284667969,0.01999999999998181,17.68677455200195,0.12009429931640625,0
760.9528484344482,0.7929939147949219,0.01999999999998181,17.662112686767575,0.12009429931640625,0
760.9574115276337,0.8005805847167968,-0.13999999999998636,17.486396896972654,0.10483551025390625,0
760.9628779888153,0.7878211853027344,0.01999999999998181,18.463623306884763,0.12772369384765625,0
760.9673643112183,0.7943733093261719,0.01999999999998181,17.622037155761717,0.10483551025390625,0
760.9729514122009,0.7960975524902344,0.03999999999996362,17.50797602905273,0.12009429931640625,0
760.9762074947357,0.8057533142089843,0.01999999999998181,17.378501236572262,0.10483551025390625,0
760.981947183609,0.7819587585449218,0.01999999999998181,17.58812709106445,0.12772369384765625,0
760.9873085021973,0.7992011901855468,-0.13999999999998636,17.585044357910153,0.12009429931640625,0
761.0003116130829,0.7902351257324218,0.01999999999998181,17.597375290527342,0.10483551025390625,0
761.0243275165558,0.7988563415527343,0.01999999999998181,17.483314163818356,0.10483551025390625,0
761.0363354682922,0.7878211853027344,0.01999999999998181,17.643616287841795,0.12009429931640625,0
761.0403382778168,0.7819587585449218,0.01999999999998181,17.486396896972654,0.12009429931640625,0
761.0433402061462,0.8157539245605469,0.01999999999998181,17.369253037109374,0.12009429931640625,0
761.0473430156708,0.8074775573730468,0.01999999999998181,17.646699020996092,0.12009429931640625,0
761.0513479709625,0.7650611755371094,0.01999999999998181,17.68677455200195,0.10483551025390625,0
761.0573494434357,0.8229957458496093,0.01999999999998181,17.48023143066406,0.12772369384765625,0
761.0623528957367,0.7740272399902344,0.01999999999998181,18.263245651855467,0.10483551025390625,0
761.0663554668427,0.7840278503417969,0.01999999999998181,17.591209824218748,0.14298248291015625,0
761.0723595619202,0.8150642272949219,0.01999999999998181,17.50797602905273,0.12772369384765625,0
761.0773627758026,0.7643714782714843,-0.13999999999998636,17.38158396972656,0.13535308837890625,0
761.0823662281036,0.8212715026855468,0.01999999999998181,17.56963069213867,0.12772369384765625,0
761.0863687992096,0.7829933044433594,0.01999999999998181,17.63128535522461,0.12009429931640625,0
761.0913722515106,0.8023048278808593,0.01999999999998181,17.48023143066406,0.12772369384765625,0
761.1113855838776,0.7695442077636718,0.01999999999998181,17.483314163818356,0.12009429931640625,0
761.1305015087128,0.7947181579589844,-0.13999999999998636,17.70835368408203,0.12772369384765625,0
761.1395139694214,0.7802345153808593,0.01999999999998181,17.50797602905273,0.12772369384765625,0
761.1432666778564,0.8067878601074219,0.01999999999998181,17.366170303955077,0.12009429931640625,0
761.1473751068115,0.8409278747558594,0.01999999999998181,17.634368088378903,0.12009429931640625,0
761.1528012752533,0.7481635925292969,0.01999999999998181,17.674443619384764,0.12009429931640625,0
761.1579716205597,0.8371345397949218,0.01999999999998181,17.486396896972654,0.12772369384765625,0
761.1628506183624,0.7750617858886718,-0.13999999999998636,18.204673721923825,0.12009429931640625,0
761.1677832603455,0.8105811950683594,-0.13999999999998636,17.594292557373045,0.12009429931640625,0
761.172239780426,0.8009254333496093,0.01999999999998181,17.50797602905273,0.10483551025390625,0
761.1772067546844,0.7588539001464844,0.01999999999998181,17.400080368652343,0.09720611572265625,0
761.1812155246735,0.8347205993652344,0.01999999999998181,17.591209824218748,0.10483551025390625,0
761.1872935295105,0.7602332946777344,-0.13999999999998636,17.572713425292967,0.12772369384765625,0
761.1922490596771,0.8074775573730468,-0.13999999999998636,17.427824967041015,0.12009429931640625,0
761.1978528499603,0.8095466491699218,0.01999999999998181,17.612788956298825,0.12772369384765625,0
761.2028529644012,0.7605781433105469,0.01999999999998181,17.655947220458984,0.12009429931640625,0
761.2079427242279,0.8219611999511719,0.01999999999998181,17.486396896972654,0.10483551025390625,0
761.2389636039734,0.7595435974121093,0.01999999999998181,17.514141495361326,0.10483551025390625,0
761.2818574905396,0.7933387634277344,0.01999999999998181,17.58812709106445,0.10483551025390625,0
761.2959363460541,0.7809242126464844,0.01999999999998181,18.281742050781247,0.14298248291015625,0
761.2999370098114,0.7933387634277344,0.01999999999998181,17.58196162475586,0.12772369384765625,0
761.3028619289398,0.8123054382324219,0.01999999999998181,17.674443619384764,0.10483551025390625,0
761.3078289031982,0.7854072448730468,0.01999999999998181,17.48023143066406,0.12772369384765625,0
761.3129508495331,0.7854072448730468,0.01999999999998181,18.26941111816406,0.12009429931640625,0
761.3301780223846,0.8057533142089843,0.01999999999998181,17.66827815307617,0.13535308837890625,0
761.3489181995392,0.7957527038574218,-0.13999999999998636,17.58812709106445,0.12009429931640625,0
761.358925819397,0.8012702819824219,-0.12000000000000455,17.40932856811523,0.09720611572265625,0
761.362197637558,0.7936836120605468,0.01999999999998181,18.01662699951172,0.12009429931640625,0
761.3671708106995,0.7954078552246093,-0.12000000000000455,17.594292557373045,0.10483551025390625,0
761.3721764087677,0.8009254333496093,-0.12000000000000455,17.504893295898437,0.12772369384765625,0
761.3778536319733,0.7998908874511719,-0.13999999999998636,17.39083216918945,0.12009429931640625,0
761.3827514648438,0.7967872497558594,-0.13999999999998636,17.58196162475586,0.12772369384765625,0
761.3871421813965,0.7988563415527343,-0.12000000000000455,17.585044357910153,0.09720611572265625,0
761.3923156261444,0.7898902770996094,0.01999999999998181,17.45865229858398,0.10483551025390625,0
761.3979382514954,0.7885108825683593,0.01999999999998181,17.612788956298825,0.13535308837890625,0
761.4022107124329,0.8078224060058593,0.01999999999998181,17.671360886230467,0.12009429931640625,0
761.4078838825226,0.7860969421386719,-0.13999999999998636,17.48947963012695,0.10483551025390625,0
761.4122550487518,0.8043739196777343,0.01999999999998181,18.118357193603515,0.13535308837890625,0
761.4172394275665,0.7912696716308594,0.01999999999998181,17.622037155761717,0.12772369384765625,0
761.4222559928894,0.7892005798339844,-0.12000000000000455,17.50797602905273,0.12009429931640625,0
761.4478511810303,0.7933387634277344,0.01999999999998181,17.622037155761717,0.12009429931640625,0
761.4918842315674,0.8181678649902343,0.01999999999998181,17.48023143066406,0.12009429931640625,0
761.5118973255157,0.7685096618652344,0.01999999999998181,17.52030696166992,0.09720611572265625,0
761.5149455070496,0.8009254333496093,-0.12000000000000455,17.575796158447265,0.10483551025390625,0
761.519168138504,0.8092018005371093,0.01999999999998181,17.652864487304686,0.14298248291015625,0
761.5231688022614,0.7805793640136719,0.01999999999998181,17.48947963012695,0.12772369384765625,0
761.5271713733673,0.8002357360839844,0.01999999999998181,17.400080368652343,0.12009429931640625,0
761.5327618122101,0.7885108825683593,0.01999999999998181,17.58196162475586,0.12009429931640625,0
761.5374531745911,0.8002357360839844,0.01999999999998181,17.575796158447265,0.12772369384765625,0
761.562881231308,0.7829933044433594,-0.12000000000000455,18.235501053466795,0.12772369384765625,0
761.6128742694855,0.8057533142089843,0.01999999999998181,18.198508255615234,0.12009429931640625,0
761.6368427276611,0.8243751403808594,0.01999999999998181,17.63128535522461,0.12772369384765625,0
761.6408762931824,0.8050636169433594,0.01999999999998181,17.486396896972654,0.10483551025390625,0
761.6454584598541,0.7598884460449219,0.01999999999998181,18.001213333740232,0.12772369384765625,0
761.6763863563538,0.8126502868652343,0.01999999999998181,17.378501236572262,0.10483551025390625,0
761.7214155197144,0.7988563415527343,0.01999999999998181,17.541886093749998,0.13535308837890625,0
761.7374234199524,0.8212715026855468,0.01999999999998181,17.58196162475586,0.12009429931640625,0
761.7428321838379,0.7826484558105469,0.01999999999998181,17.45865229858398,0.10483551025390625,0
761.7478137016296,0.7985114929199219,0.01999999999998181,17.594292557373045,0.12772369384765625,0
761.7520923614502,0.8071327087402344,0.01999999999998181,17.674443619384764,0.12009429931640625,0
761.7728319168091,0.8012702819824219,0.01999999999998181,17.504893295898437,0.12009429931640625,0
761.806832075119,0.7929939147949219,0.01999999999998181,17.492562363281248,0.10483551025390625,0
761.822515964508,0.7947181579589844,0.0,17.51105876220703,0.10483551025390625,0
761.8275191783905,0.7992011901855468,-0.12000000000000455,17.396997635498046,0.10483551025390625,0
761.8325226306915,0.7854072448730468,0.01999999999998181,17.58196162475586,0.10483551025390625,0
761.8374528884888,0.7960975524902344,0.01999999999998181,17.58196162475586,0.13535308837890625,0
761.8421771526337,0.7936836120605468,0.01999999999998181,17.4432386328125,0.12009429931640625,0
761.8478322029114,0.7919593688964843,0.01999999999998181,17.646699020996092,0.12009429931640625,0
761.8520827293396,0.7871314880371093,0.01999999999998181,17.671360886230467,0.12772369384765625,0
761.8571484088898,0.8043739196777343,-0.12000000000000455,17.48023143066406,0.10483551025390625,0
761.8628468513489,0.7860969421386719,0.01999999999998181,18.66400096191406,0.09720611572265625,0
761.8678462505341,0.8005805847167968,0.01999999999998181,17.625119888916014,0.12772369384765625,0
761.8958258628845,0.7947181579589844,0.01999999999998181,18.59618083251953,0.12009429931640625,0
761.9235200881958,0.7998908874511719,0.01999999999998181,17.492562363281248,0.12009429931640625,0
761.9367320537567,0.7892005798339844,0.01999999999998181,17.634368088378903,0.12009429931640625,0
761.9408462047577,0.7895454284667969,0.01999999999998181,17.486396896972654,0.12009429931640625,0
761.9448528289795,0.8102363464355469,0.01999999999998181,17.40932856811523,0.12009429931640625,0
761.9482119083405,0.7860969421386719,0.01999999999998181,17.575796158447265,0.12772369384765625,0
761.9528617858887,0.7888557312011718,0.01999999999998181,17.66827815307617,0.12772369384765625,0
761.9577484130859,0.8067878601074219,0.01999999999998181,17.48023143066406,0.12772369384765625,0
761.9628460407257,0.7736823913574219,-0.13999999999998636,18.364975845947264,0.12009429931640625,0
761.967845916748,0.8098914978027344,0.01999999999998181,17.62820262207031,0.12772369384765625,0
761.97216963768,0.7716132995605468,0.01999999999998181,17.51105876220703,0.12009429931640625,0
761.9928750991821,0.8192024108886719,0.01999999999998181,17.433990433349607,0.12772369384765625,0
762.0198945999146,0.8026496765136718,0.01999999999998181,17.646699020996092,0.09720611572265625,0
762.0312721729279,0.7967872497558594,-0.13999999999998636,17.58196162475586,0.12772369384765625,0
762.0352835655212,0.7985114929199219,0.01999999999998181,17.683691818847656,0.10483551025390625,0
762.0387918949127,0.7878211853027344,0.01999999999998181,17.523389694824218,0.10483551025390625,0
762.042929649353,0.7988563415527343,0.01999999999998181,17.4432386328125,0.09720611572265625,0
762.0472023487091,0.7974769470214843,0.01999999999998181,17.66827815307617,0.12772369384765625,0
762.0512080192566,0.7929939147949219,0.01999999999998181,17.692940018310544,0.12009429931640625,0
762.0568130016327,0.7936836120605468,0.01999999999998181,17.48947963012695,0.12772369384765625,0
762.0622222423553,0.7885108825683593,0.01999999999998181,18.6270081640625,0.10483551025390625,0
762.0668721199036,0.7878211853027344,-0.13999999999998636,17.591209824218748,0.10483551025390625,0
762.0728449821472,0.8036842224121094,0.01999999999998181,17.495645096435545,0.12772369384765625,0
762.0778484344482,0.7819587585449218,0.01999999999998181,17.406245834960934,0.12009429931640625,0
762.0828516483307,0.7916145202636719,0.01999999999998181,17.58812709106445,0.12009429931640625,0
762.1138517856598,0.7778205749511719,0.01999999999998181,17.859407608642577,0.10483551025390625,0
762.165257692337,0.7998908874511719,0.01999999999998181,17.58196162475586,0.12009429931640625,0
762.1818544864655,0.7854072448730468,-0.12000000000000455,17.58812709106445,0.09720611572265625,0
762.185843706131,0.7985114929199219,-0.13999999999998636,17.683691818847656,0.12772369384765625,0
762.1898610591888,0.7888557312011718,0.01999999999998181,17.50181056274414,0.12009429931640625,0
762.2092750072479,0.7781654235839843,0.01999999999998181,17.378501236572262,0.12009429931640625,0
762.2543745040894,0.7916145202636719,0.03999999999996362,17.563465225830075,0.12772369384765625,0
762.270414352417,0.7967872497558594,0.01999999999998181,17.591209824218748,0.12772369384765625,0
762.2741878032684,0.8005805847167968,0.01999999999998181,17.474065964355468,0.12009429931640625,0
762.2783675193787,0.7854072448730468,0.01999999999998181,18.26016291870117,0.10483551025390625,0
762.2828435897827,0.7823036071777344,0.01999999999998181,17.58812709106445,0.10483551025390625,0
762.2874457836151,0.7998908874511719,0.01999999999998181,17.58196162475586,0.10483551025390625,0
762.2924335002899,0.7916145202636719,-0.13999999999998636,17.449404099121093,0.12009429931640625,0
762.297842502594,0.7940284606933593,-0.13999999999998636,17.634368088378903,0.09720611572265625,0
762.3168721199036,0.7985114929199219,-0.13999999999998636,17.58812709106445,0.09720611572265625,0
762.3469347953796,0.7947181579589844,0.01999999999998181,18.133770859374998,0.13535308837890625,0
762.3582277297974,0.7750617858886718,0.01999999999998181,17.464817764892576,0.12009429931640625,0
762.3628447055817,0.8143745300292968,-0.13999999999998636,18.432795975341794,0.12009429931640625,0
762.3678870201111,0.7840278503417969,-0.13999999999998636,17.625119888916014,0.10483551025390625,0
762.3728427886963,0.7933387634277344,0.01999999999998181,17.50797602905273,0.12772369384765625,0
762.3778440952301,0.8060981628417968,0.01999999999998181,17.400080368652343,0.12009429931640625,0
762.3831837177277,0.7760963317871094,0.01999999999998181,17.58196162475586,0.09720611572265625,0
762.3871777057648,0.8016151306152344,0.01999999999998181,17.575796158447265,0.10483551025390625,0
762.392826795578,0.7916145202636719,0.01999999999998181,17.449404099121093,0.13535308837890625,0
762.3974847793579,0.7985114929199219,-0.13999999999998636,17.612788956298825,0.09720611572265625,0
762.4019875526428,0.7878211853027344,0.01999999999998181,17.66827815307617,0.09720611572265625,0
762.4078040122986,0.7947181579589844,0.01999999999998181,17.483314163818356,0.08957672119140625,0
762.4129323959351,0.8002357360839844,0.01999999999998181,18.24166651977539,0.12772369384765625,0
762.4309737682343,0.7978217956542969,0.01999999999998181,17.56963069213867,0.10483551025390625,0
762.4529271125793,0.7833381530761718,0.01999999999998181,17.674443619384764,0.12009429931640625,0
762.4623200893402,0.8212715026855468,0.01999999999998181,18.37114131225586,0.12009429931640625,0
762.4678573608398,0.7733375427246093,0.01999999999998181,17.62820262207031,0.12009429931640625,0
762.4728753566742,0.8116157409667969,0.01999999999998181,17.504893295898437,0.12009429931640625,0
762.477379322052,0.7929939147949219,0.01999999999998181,17.400080368652343,0.13535308837890625,0
762.4822738170624,0.7774757263183594,0.01999999999998181,17.58196162475586,0.12772369384765625,0
762.4873642921448,0.8219611999511719,-0.12000000000000455,17.575796158447265,0.09720611572265625,0
762.4923872947693,0.7650611755371094,-0.12000000000000455,17.424742233886718,0.09720611572265625,0
762.4979333877563,0.8216163513183593,0.01999999999998181,17.606623489990234,0.12772369384765625,0
762.5029382705688,0.7760963317871094,0.01999999999998181,17.662112686767575,0.12009429931640625,0
762.5079646110535,0.7967872497558594,0.01999999999998181,17.483314163818356,0.12009429931640625,0
762.5129721164703,0.8081672546386719,-0.12000000000000455,18.32181758178711,0.12009429931640625,0
762.5180127620697,0.7685096618652344,-0.12000000000000455,17.689857285156247,0.10483551025390625,0
762.5308616161346,0.7736823913574219,-0.12000000000000455,17.58196162475586,0.10483551025390625,0
762.5558853149414,0.7874763366699219,0.03999999999996362,17.50797602905273,0.09720611572265625,0
762.5688943862915,0.8026496765136718,0.01999999999998181,17.692940018310544,0.09720611572265625,0
762.5729203224182,0.7988563415527343,-0.12000000000000455,17.514141495361326,0.09720611572265625,0
762.5775027275085,0.7843726989746094,0.03999999999996362,17.400080368652343,0.13535308837890625,0
762.5828731060028,0.8033393737792969,-0.12000000000000455,17.58812709106445,0.12009429931640625,0
762.5878677368164,0.7878211853027344,0.01999999999998181,17.56963069213867,0.12772369384765625,0
762.5928802490234,0.8050636169433594,0.01999999999998181,17.43090770019531,0.12772369384765625,0
762.5982179641724,0.8012702819824219,0.01999999999998181,17.56963069213867,0.09720611572265625,0
762.6028711795807,0.7964424011230469,0.01999999999998181,17.671360886230467,0.10483551025390625,0
762.6078791618347,0.7716132995605468,0.01999999999998181,17.492562363281248,0.10483551025390625,0
762.6128695011139,0.8188575622558594,-0.12000000000000455,18.186177322998045,0.12772369384765625,0
762.6178576946259,0.7867866394042968,-0.12000000000000455,17.63128535522461,0.12772369384765625,0
762.6218748092651,0.7888557312011718,0.01999999999998181,17.535720627441403,0.10483551025390625,0
762.6278901100159,0.8112708923339843,0.01999999999998181,17.396997635498046,0.12772369384765625,0
762.6469407081604,0.7916145202636719,0.01999999999998181,18.087529862060546,0.10483551025390625,0
762.6666872501373,0.7805793640136719,0.01999999999998181,17.58812709106445,0.12009429931640625,0
762.6768636703491,0.8002357360839844,0.01999999999998181,17.36308757080078,0.12009429931640625,0
762.6809186935425,0.7957527038574218,0.03999999999996362,17.646699020996092,0.14298248291015625,0
762.6849131584167,0.7750617858886718,0.01999999999998181,17.683691818847656,0.14298248291015625,0
762.6889162063599,0.8078224060058593,0.01999999999998181,17.51105876220703,0.14298248291015625,0
762.6929183006287,0.8002357360839844,-0.12000000000000455,17.424742233886718,0.08957672119140625,0
762.6978688240051,0.7705787536621094,-0.12000000000000455,17.6374508215332,0.12772369384765625,0
762.7028388977051,0.8143745300292968,0.01999999999998181,17.66827815307617,0.10483551025390625,0
762.7078459262848,0.7685096618652344,0.01999999999998181,17.486396896972654,0.12772369384765625,0
762.7128508090973,0.8057533142089843,0.01999999999998181,18.74106929077148,0.15061187744140625,0
762.7179248332977,0.7902351257324218,0.01999999999998181,17.62820262207031,0.08957672119140625,0
762.7228357791901,0.7864417907714844,0.01999999999998181,17.48947963012695,0.10483551025390625,0
762.727846622467,0.8033393737792969,0.01999999999998181,17.40932856811523,0.12009429931640625,0
762.7328736782074,0.7764411804199218,0.03999999999996362,17.58196162475586,0.10483551025390625,0
762.7378318309784,0.8185127136230469,0.01999999999998181,17.56963069213867,0.10483551025390625,0
762.7518384456635,0.8098914978027344,0.03999999999996362,17.692940018310544,0.12009429931640625,0
762.7732937335968,0.8192024108886719,0.03999999999996362,17.492562363281248,0.12009429931640625,0
762.784187078476,0.7919593688964843,0.01999999999998181,17.662112686767575,0.12009429931640625,0
762.7881937026978,0.8009254333496093,0.01999999999998181,17.52030696166992,0.10483551025390625,0
762.792195558548,0.7871314880371093,-0.12000000000000455,17.427824967041015,0.12009429931640625,0
762.7968649864197,0.8147193786621093,0.03999999999996362,18.30023844970703,0.12772369384765625,0
762.8029277324677,0.7964424011230469,-0.12000000000000455,17.66827815307617,0.10483551025390625,0
762.8062036037445,0.7829933044433594,0.03999999999996362,17.48023143066406,0.10483551025390625,0
762.8122456073761,0.8098914978027344,0.03999999999996362,18.64242182983398,0.12772369384765625,0
762.8172152042389,0.7888557312011718,0.03999999999996362,17.646699020996092,0.12772369384765625,0
762.822872877121,0.7771308776855469,0.01999999999998181,17.50797602905273,0.12772369384765625,0
762.8278796672821,0.8012702819824219,0.01999999999998181,17.406245834960934,0.13535308837890625,0
762.832884311676,0.7705787536621094,0.01999999999998181,17.58812709106445,0.14298248291015625,0
762.8378882408142,0.8205818054199219,0.01999999999998181,17.560382492675778,0.12772369384765625,0
762.8428907394409,0.7788551208496094,0.01999999999998181,17.406245834960934,0.10483551025390625,0
762.8569009304047,0.7954078552246093,0.01999999999998181,17.486396896972654,0.12772369384765625,0
762.8781714439392,0.7736823913574219,-0.12000000000000455,18.50678157104492,0.12009429931640625,0
762.8901574611664,0.8147193786621093,0.01999999999998181,17.492562363281248,0.12772369384765625,0
762.8940498828888,0.7781654235839843,0.03999999999996362,17.41241130126953,0.12772369384765625,0
762.8982105255127,0.7912696716308594,0.01999999999998181,17.58196162475586,0.12009429931640625,0
762.902845621109,0.8098914978027344,-0.12000000000000455,17.662112686767575,0.12772369384765625,0
762.9079263210297,0.7781654235839843,-0.12000000000000455,17.486396896972654,0.09720611572265625,0
762.9122004508972,0.8081672546386719,0.03999999999996362,18.420465042724608,0.09720611572265625,0
762.9177567958832,0.7864417907714844,0.03999999999996362,17.6374508215332,0.10483551025390625,0
762.9222319126129,0.7964424011230469,0.01999999999998181,17.492562363281248,0.12772369384765625,0
762.9278755187988,0.7964424011230469,0.01999999999998181,17.40932856811523,0.09720611572265625,0
762.9328789710999,0.7860969421386719,0.01999999999998181,17.58812709106445,0.10483551025390625,0
762.9379200935364,0.7992011901855468,0.01999999999998181,17.56963069213867,0.12009429931640625,0
762.9420773983002,0.7919593688964843,0.03999999999996362,17.41241130126953,0.12009429931640625,0
762.9470827579498,0.7740272399902344,-0.12000000000000455,17.622037155761717,0.12009429931640625,0
762.9522151947021,0.8116157409667969,0.03999999999996362,17.665195419921872,0.12009429931640625,0
762.9569220542908,0.7840278503417969,0.03999999999996362,17.50181056274414,0.12772369384765625,0
762.9703235626221,0.7936836120605468,0.03999999999996362,17.591209824218748,0.12772369384765625,0
762.9921748638153,0.8085121032714844,-0.12000000000000455,17.433990433349607,0.12772369384765625,0
763.0032432079315,0.8323066589355469,0.01999999999998181,17.597375290527342,0.10483551025390625,0
763.0072591304779,0.8067878601074219,0.01999999999998181,17.483314163818356,0.12009429931640625,0
763.0123317241669,0.7719581481933594,0.01999999999998181,18.133770859374998,0.12772369384765625,0
763.0178167819977,0.8174781677246094,0.01999999999998181,17.634368088378903,0.13535308837890625,0
763.0228652954102,0.7667854187011719,0.01999999999998181,17.50181056274414,0.10483551025390625,0
763.0278692245483,0.7998908874511719,0.01999999999998181,17.396997635498046,0.10483551025390625,0
763.0328743457794,0.8060981628417968,0.01999999999998181,17.594292557373045,0.14298248291015625,0
763.0372757911682,0.7802345153808593,0.01999999999998181,17.572713425292967,0.10483551025390625,0
763.0422842502594,0.8071327087402344,0.01999999999998181,17.424742233886718,0.10483551025390625,0
763.0472841262817,0.7878211853027344,0.01999999999998181,17.594292557373045,0.10483551025390625,0
763.0522937774658,0.8016151306152344,0.01999999999998181,17.671360886230467,0.10483551025390625,0
763.0574715137482,0.7960975524902344,0.01999999999998181,17.486396896972654,0.12009429931640625,0
763.0626006126404,0.7809242126464844,0.01999999999998181,18.056702530517576,0.10483551025390625,0
763.0809166431427,0.8060981628417968,0.01999999999998181,17.622037155761717,0.12772369384765625,0
763.0992224216461,0.8009254333496093,0.01999999999998181,17.58196162475586,0.10483551025390625,0
763.1092348098755,0.7826484558105469,0.01999999999998181,17.378501236572262,0.12009429931640625,0
763.1136689186096,0.7960975524902344,0.01999999999998181,17.705270950927734,0.10483551025390625,0
763.1176772117615,0.7874763366699219,0.01999999999998181,17.63128535522461,0.12772369384765625,0
763.1228709220886,0.8026496765136718,0.01999999999998181,17.50181056274414,0.10483551025390625,0
763.1276867389679,0.7916145202636719,-0.13999999999998636,17.403163101806637,0.12009429931640625,0
763.1325869560242,0.8033393737792969,-0.13999999999998636,17.575796158447265,0.10483551025390625,0
763.1372683048248,0.8160987731933593,-0.13999999999998636,17.58196162475586,0.12772369384765625,0
763.1422810554504,0.7760963317871094,0.01999999999998181,17.418576767578124,0.12772369384765625,0
763.1478645801544,0.8105811950683594,0.01999999999998181,17.575796158447265,0.12009429931640625,0
763.1522624492645,0.8016151306152344,0.01999999999998181,17.655947220458984,0.10483551025390625,0
763.157785654068,0.7798896667480468,0.01999999999998181,17.486396896972654,0.12009429931640625,0
763.1628129482269,0.7736823913574219,0.01999999999998181,17.998130600585935,0.12772369384765625,0
763.1677443981171,0.8374793884277344,0.03999999999996362,17.62820262207031,0.13535308837890625,0
763.1728019714355,0.7581642028808594,0.03999999999996362,17.50797602905273,0.12772369384765625,0
763.1919085979462,0.8192024108886719,0.01999999999998181,17.464817764892576,0.10483551025390625,0
763.2102682590485,0.7705787536621094,0.01999999999998181,17.387749436035154,0.12009429931640625,0
763.2201924324036,0.7843726989746094,0.0,17.594292557373045,0.10483551025390625,0
763.2248692512512,0.7829933044433594,-0.13999999999998636,17.474065964355468,0.12009429931640625,0
763.2288391590118,0.7974769470214843,0.01999999999998181,18.3279830480957,0.12772369384765625,0
763.2328283786774,0.8236854431152344,0.01999999999998181,17.575796158447265,0.10483551025390625,0
763.2371969223022,0.7936836120605468,0.01999999999998181,17.566547958984373,0.13535308837890625,0
763.2412059307098,0.7760963317871094,0.01999999999998181,17.464817764892576,0.12009429931640625,0
763.2472352981567,0.8164436218261718,-0.13999999999998636,17.603540756835937,0.10483551025390625,0
763.2522361278534,0.7774757263183594,0.01999999999998181,17.662112686767575,0.12772369384765625,0
763.2578670978546,0.8085121032714844,0.01999999999998181,17.48023143066406,0.12772369384765625,0
763.2622380256653,0.7750617858886718,0.01999999999998181,18.250914719238278,0.12009429931640625,0
763.2678995132446,0.8043739196777343,0.01999999999998181,17.643616287841795,0.10483551025390625,0
763.2728688716888,0.7754066345214844,0.01999999999998181,17.51105876220703,0.12009429931640625,0
763.2778897285461,0.7464393493652344,0.01999999999998181,17.406245834960934,0.12772369384765625,0
763.2821836471558,0.8243751403808594,0.01999999999998181,17.575796158447265,0.12772369384765625,0
763.2963590621948,0.8092018005371093,0.01999999999998181,18.0320406652832,0.09720611572265625,0
763.3191928863525,0.8016151306152344,0.01999999999998181,17.6374508215332,0.12009429931640625,0
763.330203294754,0.7936836120605468,0.01999999999998181,17.674443619384764,0.12772369384765625,0
763.3342893123627,0.7998908874511719,0.01999999999998181,17.683691818847656,0.12772369384765625,0
763.3382911682129,0.7823036071777344,-0.12000000000000455,17.52030696166992,0.09720611572265625,0
763.3423435688019,0.7929939147949219,0.01999999999998181,17.41241130126953,0.12772369384765625,0
763.3478331565857,0.8098914978027344,0.01999999999998181,17.606623489990234,0.12772369384765625,0
763.3524978160858,0.7650611755371094,0.01999999999998181,17.665195419921872,0.12009429931640625,0
763.3575003147125,0.8126502868652343,0.01999999999998181,17.48947963012695,0.10483551025390625,0
763.3623142242432,0.7829933044433594,0.01999999999998181,18.31873484863281,0.12009429931640625,0
763.3677802085876,0.7936836120605468,0.01999999999998181,17.634368088378903,0.12772369384765625,0
763.3728337287903,0.8009254333496093,-0.13999999999998636,17.50797602905273,0.10483551025390625,0
763.3779489994049,0.7702339050292969,-0.13999999999998636,17.406245834960934,0.10483551025390625,0
763.3819217681885,0.8150642272949219,0.01999999999998181,17.591209824218748,0.12009429931640625,0
763.3879249095917,0.7819587585449218,0.01999999999998181,17.575796158447265,0.12772369384765625,0
763.3923907279968,0.7967872497558594,-0.13999999999998636,17.418576767578124,0.13535308837890625,0
763.4119448661804,0.8112708923339843,0.01999999999998181,17.902565872802732,0.12772369384765625,0
763.4302151203156,0.7823036071777344,0.01999999999998181,17.652864487304686,0.14298248291015625,0
763.4409239292145,0.7895454284667969,0.01999999999998181,17.483314163818356,0.09720611572265625,0
763.4442641735077,0.8181678649902343,0.01999999999998181,17.427824967041015,0.12772369384765625,0
763.4482624530792,0.8471351501464843,-0.13999999999998636,17.585044357910153,0.13535308837890625,0
763.4532623291016,0.8374793884277344,-0.13999999999998636,17.603540756835937,0.12009429931640625,0
763.4574627876282,0.8836891052246093,0.03999999999996362,17.486396896972654,0.12009429931640625,0
763.4626393318176,0.8754127380371093,-0.12000000000000455,18.235501053466795,0.10483551025390625,0
763.4677248001099,0.8550666687011719,-0.12000000000000455,17.6374508215332,0.08957672119140625,0
763.4728667736053,0.8302375671386718,-0.10000000000002274,17.514141495361326,0.12772369384765625,0
763.4778316020966,0.7785102722167968,-0.10000000000002274,17.42165950073242,0.09720611572265625,0
763.4818971157074,0.7281623718261718,-0.05999999999994543,17.58812709106445,0.12009429931640625,0
763.4872341156006,0.7378181335449219,-0.17999999999994998,17.58196162475586,0.12772369384765625,0
763.4928317070007,0.8057533142089843,-0.15999999999996817,17.41241130126953,0.12009429931640625,0
763.4978754520416,0.8312721130371094,0.03999999999996362,17.603540756835937,0.12009429931640625,0
763.5028784275055,0.8550666687011719,0.03999999999996362,17.674443619384764,0.12009429931640625,0
763.5169513225555,0.9588661071777344,-0.03999999999996362,17.594292557373045,0.12009429931640625,0
763.5382368564606,1.0316291687011718,-0.15999999999996817,17.514141495361326,0.14298248291015625,0
763.5492413043976,1.0423194763183594,-0.08000000000004093,17.575796158447265,0.09720611572265625,0
763.5530369281769,1.0402503845214843,-0.01999999999998181,17.603540756835937,0.10483551025390625,0
763.557044506073,1.0485267517089842,0.0,17.483314163818356,0.09720611572265625,0
763.5620491504669,1.0533546325683594,0.0,18.522195236816405,0.12772369384765625,0
763.567049741745,1.033698260498047,0.0,17.6374508215332,0.14298248291015625,0
763.5720500946045,1.0381812927246092,0.0,17.50797602905273,0.10483551025390625,0
763.57705950737,1.0461128112792968,-0.13999999999998636,17.40932856811523,0.14298248291015625,0
763.5828719139099,1.0374915954589843,-0.12000000000000455,17.585044357910153,0.12009429931640625,0
763.5872066020966,1.0199043151855467,0.03999999999996362,17.572713425292967,0.12009429931640625,0
763.5928640365601,0.9923164245605468,0.03999999999996362,17.424742233886718,0.10483551025390625,0
763.5979092121124,0.9447273132324219,-0.08000000000004093,17.603540756835937,0.09720611572265625,0
763.6022253036499,0.8516181823730469,-0.03999999999996362,17.66827815307617,0.10483551025390625,0
763.606228351593,0.8164436218261718,-0.01999999999998181,17.50181056274414,0.10483551025390625,0
763.6129808425903,0.8788612243652343,0.0,18.32181758178711,0.12009429931640625,0
763.6329965591431,1.0447334167480469,-0.08000000000004093,17.58196162475586,0.12772369384765625,0
763.6530106067657,1.1047370788574218,-0.08000000000004093,17.58196162475586,0.12772369384765625,0
763.663834810257,1.1212898132324218,-0.10000000000002274,17.66827815307617,0.12009429931640625,0
763.6678366661072,1.1081855651855468,-0.01999999999998181,17.615871689453122,0.12772369384765625,0
763.6729176044464,1.1292213317871094,-0.01999999999998181,17.474065964355468,0.12009429931640625,0
763.6767857074738,1.126807391357422,-0.01999999999998181,17.344591171875,0.12009429931640625,0
763.6828577518463,1.1230140563964843,-0.01999999999998181,17.563465225830075,0.12009429931640625,0
763.6868133544922,1.1364631530761717,0.0,17.58812709106445,0.12009429931640625,0
763.6928615570068,1.1292213317871094,0.0,17.378501236572262,0.13535308837890625,0
763.6979320049286,1.133704364013672,0.0,17.560382492675778,0.12772369384765625,0
763.7021307945251,1.1147376892089844,0.0,17.63128535522461,0.10483551025390625,0
763.708151102066,1.1047370788574218,-0.13999999999998636,17.4401558996582,0.12009429931640625,0
763.7132263183594,1.1023231384277343,-0.12000000000000455,17.615871689453122,0.12009429931640625,0
763.7182011604309,1.0830116149902342,-0.12000000000000455,17.66827815307617,0.12009429931640625,0
763.7433488368988,0.9605903503417969,-0.10000000000002274,17.360004837646482,0.13535308837890625,0
763.7863519191742,1.1033576843261719,0.08000000000004093,17.603540756835937,0.10483551025390625,0
763.8014454841614,1.1109443542480468,-0.08000000000004093,17.67752635253906,0.12009429931640625,0
763.8054525852203,1.1102546569824219,0.08000000000004093,17.48023143066406,0.12009429931640625,0
763.8094570636749,1.1219795104980468,0.10000000000002274,17.369253037109374,0.10483551025390625,0
763.8135106563568,1.1285316345214844,0.10000000000002274,17.785422012939453,0.12772369384765625,0
763.8173747062683,1.1264625427246093,-0.03999999999996362,17.62820262207031,0.12009429931640625,0
763.8228924274445,1.1192207214355467,-0.03999999999996362,17.486396896972654,0.09720611572265625,0
763.8271005153656,1.1047370788574218,-0.01999999999998181,17.400080368652343,0.10483551025390625,0
763.832085609436,1.0688728210449219,-0.01999999999998181,17.575796158447265,0.12772369384765625,0
763.8565113544464,1.0105934020996092,0.0,17.467900498046873,0.12009429931640625,0
763.8828217983246,1.1333595153808593,-0.13999999999998636,17.554217026367187,0.10483551025390625,0
763.8948097229004,1.0195594665527343,-0.10000000000002274,17.483314163818356,0.12772369384765625,0
763.8981840610504,0.9854194519042968,-0.03999999999996362,17.541886093749998,0.12772369384765625,0
763.9024772644043,0.9416236755371094,0.0,17.622037155761717,0.13535308837890625,0
763.9074809551239,0.8805854675292968,-0.13999999999998636,17.446321365966796,0.10483551025390625,0
763.912828207016,0.8805854675292968,-0.12000000000000455,18.68558009399414,0.14298248291015625,0
763.9172298908234,0.9347267028808594,-0.10000000000002274,17.612788956298825,0.10483551025390625,0
763.9228572845459,0.9140357849121094,-0.10000000000002274,17.46173503173828,0.13535308837890625,0
763.9272468090057,1.0147315856933592,-0.17999999999994998,17.356922104492185,0.14298248291015625,0
763.93212723732,1.0643897888183593,-0.15999999999996817,17.544968826904295,0.10483551025390625,0
763.9370992183685,0.9388648864746093,-0.12000000000000455,17.55113429321289,0.12772369384765625,0
763.9631278514862,0.9878333923339844,-0.08000000000004093,17.751511948242186,0.13535308837890625,0
764.013165473938,0.6116035339355469,-0.03999999999996362,17.751511948242186,0.09720611572265625,0
764.0331974029541,0.8533424255371094,-0.05999999999994543,17.609706223144528,0.09720611572265625,0
764.0372035503387,0.8985175964355469,-0.05999999999994543,17.58196162475586,0.12772369384765625,0
764.0431776046753,0.8598945495605468,-0.03999999999996362,17.39083216918945,0.10483551025390625,0
764.0481832027435,0.9216224548339843,-0.03999999999996362,17.585044357910153,0.10483551025390625,0
764.0522320270538,0.9381751892089844,0.01999999999998181,17.67752635253906,0.12009429931640625,0
764.0828263759613,0.8254096862792969,-0.12000000000000455,17.597375290527342,0.09720611572265625,0
764.1428742408752,0.8664466735839843,-0.12000000000000455,17.387749436035154,0.12009429931640625,0
764.1568808555603,0.8381690856933594,-0.10000000000002274,17.50181056274414,0.12009429931640625,0
764.1766571998596,1.0171455261230469,-0.12000000000000455,17.406245834960934,0.10483551025390625,0
764.2076976299286,1.0192146179199217,-0.17999999999994998,17.514141495361326,0.10483551025390625,0
764.2197058200836,1.1123237487792967,-0.01999999999998181,17.674443619384764,0.14298248291015625,0
764.2229022979736,1.1561195251464844,-0.13999999999998636,17.526472427978515,0.12772369384765625,0
764.2278108596802,1.0630103942871094,-0.13999999999998636,17.427824967041015,0.10483551025390625,0
764.2328712940216,0.9457618591308593,0.0,17.597375290527342,0.09720611572265625,0
764.2377090454102,0.9195533630371093,-0.08000000000004093,17.58196162475586,0.10483551025390625,0
764.242616891861,0.8943794128417968,-0.05999999999994543,17.4432386328125,0.12009429931640625,0
764.247810125351,0.7874763366699219,-0.05999999999994543,17.609706223144528,0.10483551025390625,0
764.252729177475,0.8009254333496093,-0.03999999999996362,17.674443619384764,0.10483551025390625,0
764.2577254772186,0.9481757995605469,-0.10000000000002274,17.50181056274414,0.12009429931640625,0
764.2627313137054,0.9485206481933594,-0.05999999999994543,18.158432724609373,0.12772369384765625,0
764.2677340507507,0.9650733825683593,-0.03999999999996362,17.662112686767575,0.10483551025390625,0
764.2867858409882,0.9740394470214844,-0.13999999999998636,17.63128535522461,0.10483551025390625,0
764.328250169754,0.7757514831542969,-0.10000000000002274,18.14301905883789,0.12009429931640625,0
764.3428144454956,0.8195472595214843,0.0,17.41241130126953,0.08957672119140625,0
764.3478240966797,0.8212715026855468,-0.08000000000004093,17.603540756835937,0.12772369384765625,0
764.3516447544098,0.8326515075683594,-0.08000000000004093,17.705270950927734,0.12772369384765625,0
764.356205701828,0.8364448425292969,-0.01999999999998181,17.50181056274414,0.10483551025390625,0
764.3622562885284,0.8298927185058593,-0.01999999999998181,18.207756455078123,0.12772369384765625,0
764.3677983283997,0.8416175720214844,-0.01999999999998181,17.646699020996092,0.12772369384765625,0
764.3722009658813,0.8561012145996093,0.0,17.50181056274414,0.10483551025390625,0
764.3765165805817,0.8371345397949218,0.0,17.37233577026367,0.10483551025390625,0
764.3819694519043,0.8392036315917969,0.0,17.58196162475586,0.12009429931640625,0
764.4164772033691,0.8374793884277344,0.0,17.58812709106445,0.10483551025390625,0
764.4665169715881,0.8526527282714843,0.0,17.58812709106445,0.12009429931640625,0
764.4865226745605,0.8323066589355469,0.0,17.603540756835937,0.12772369384765625,0
764.5115902423859,0.8126502868652343,0.0,18.065950729980468,0.10483551025390625,0
764.5528223514557,0.8081672546386719,0.0,17.665195419921872,0.12772369384765625,0
764.5726418495178,0.8260993835449219,0.0,17.504893295898437,0.12009429931640625,0
764.5778222084045,0.8126502868652343,0.0,17.41241130126953,0.12772369384765625,0
764.5821099281311,0.8219611999511719,0.0,17.575796158447265,0.12772369384765625,0
764.5871136188507,0.8147193786621093,0.0,17.566547958984373,0.12009429931640625,0
764.5932149887085,0.8212715026855468,0.0,17.37233577026367,0.12772369384765625,0
764.6146612167358,0.8226508972167969,0.0,17.591209824218748,0.12772369384765625,0
764.6528220176697,0.8226508972167969,0.0,17.662112686767575,0.10483551025390625,0
764.6646974086761,0.8209266540527344,0.0,17.58196162475586,0.12009429931640625,0
764.6676948070526,0.8192024108886719,0.0,17.64978175415039,0.13535308837890625,0
764.6727025508881,0.8274787780761719,0.0,17.504893295898437,0.12009429931640625,0
764.6778275966644,0.8050636169433594,0.0,17.406245834960934,0.12772369384765625,0
764.6828060150146,0.8350654479980468,0.0,17.591209824218748,0.10483551025390625,0
764.6877007484436,0.8050636169433594,0.0,17.55113429321289,0.10483551025390625,0
764.692756652832,0.8378242370605469,0.0,17.418576767578124,0.12009429931640625,0
764.6976056098938,0.8050636169433594,0.0,17.609706223144528,0.12009429931640625,0
764.7028050422668,0.8243751403808594,0.0,17.652864487304686,0.09720611572265625,0
764.7216045856476,0.8264442321777343,0.0,17.523389694824218,0.12009429931640625,0
764.7408761978149,0.8302375671386718,-0.15999999999996817,17.486396896972654,0.12009429931640625,0
764.7499063014984,0.8167884704589844,0.0,17.591209824218748,0.10483551025390625,0
764.7537367343903,0.8271339294433594,0.01999999999998181,17.591209824218748,0.09720611572265625,0
764.7579061985016,0.8219611999511719,0.0,17.47098323120117,0.12772369384765625,0
764.7622578144073,0.8147193786621093,0.0,18.352644913330078,0.12772369384765625,0
764.7662642002106,0.8164436218261718,0.0,17.58812709106445,0.12009429931640625,0
764.7712647914886,0.8209266540527344,0.0,17.523389694824218,0.12772369384765625,0
764.7778828144073,0.8171333190917969,0.0,17.41241130126953,0.12772369384765625,0
764.7828512191772,0.8112708923339843,0.0,17.58196162475586,0.10483551025390625,0
764.7872884273529,0.8271339294433594,0.0,17.563465225830075,0.12009429931640625,0
764.7923669815063,0.8123054382324219,0.0,17.406245834960934,0.10483551025390625,0
764.7972798347473,0.8302375671386718,-0.13999999999998636,17.606623489990234,0.12772369384765625,0
764.8024880886078,0.8129951354980468,0.0,17.652864487304686,0.10483551025390625,0
764.8074796199799,0.8167884704589844,0.0,17.48023143066406,0.12772369384765625,0
764.8125412464142,0.8250648376464843,0.0,18.67633189453125,0.12772369384765625,0
764.8255612850189,0.8254096862792969,0.0,17.45865229858398,0.09720611572265625,0
764.8478202819824,0.8095466491699218,0.0,17.603540756835937,0.12772369384765625,0
764.8595883846283,0.8185127136230469,0.0,17.384666702880857,0.14298248291015625,0
764.8636817932129,0.8160987731933593,0.0,17.736098282470703,0.10483551025390625,0
764.8676950931549,0.8278236267089844,0.0,17.652864487304686,0.12772369384765625,0
764.8728160858154,0.8192024108886719,0.0,17.495645096435545,0.10483551025390625,0
764.8766367435455,0.8274787780761719,0.01999999999998181,17.36308757080078,0.12009429931640625,0
764.8828492164612,0.8333412048339843,0.01999999999998181,17.58196162475586,0.14298248291015625,0
764.8866441249847,0.8205818054199219,0.01999999999998181,17.594292557373045,0.12772369384765625,0
764.8928482532501,0.8236854431152344,0.0,17.400080368652343,0.12009429931640625,0
764.8978450298309,0.8278236267089844,0.0,17.594292557373045,0.08957672119140625,0
764.9028367996216,0.8054084655761719,0.0,17.652864487304686,0.12772369384765625,0
764.9076015949249,0.8343757507324219,0.0,17.474065964355468,0.10483551025390625,0
764.912855386734,0.8060981628417968,0.0,18.586932633056637,0.09720611572265625,0
764.9176640510559,0.8398933288574219,0.0,17.643616287841795,0.12009429931640625,0
764.9227867126465,0.8016151306152344,0.0,17.504893295898437,0.12009429931640625,0
764.9367990493774,0.8367896911621093,0.0,17.597375290527342,0.12009429931640625,0
764.9588153362274,0.8243751403808594,0.0,17.467900498046873,0.10483551025390625,0
764.9708185195923,0.7998908874511719,0.0,17.572713425292967,0.13535308837890625,0
764.9748413562775,0.8305824157714844,0.0,17.474065964355468,0.10483551025390625,0
764.9788484573364,0.8060981628417968,0.0,18.35881037963867,0.12009429931640625,0
764.983237028122,0.8298927185058593,0.0,17.591209824218748,0.12009429931640625,0
764.9878222942352,0.8174781677246094,0.0,17.563465225830075,0.09720611572265625,0
764.9928307533264,0.8257545349121094,0.0,17.406245834960934,0.10483551025390625,0
764.9978461265564,0.8216163513183593,0.0,17.594292557373045,0.14298248291015625,0
765.002818107605,0.8195472595214843,0.0,17.646699020996092,0.10483551025390625,0
765.007851600647,0.8188575622558594,0.0,17.48023143066406,0.12009429931640625,0
765.012814283371,0.8243751403808594,-0.13999999999998636,18.77189662231445,0.08957672119140625,0
765.0171751976013,0.8181678649902343,0.0,17.665195419921872,0.10483551025390625,0
765.0221786499023,0.8157539245605469,0.0,17.486396896972654,0.14298248291015625,0
765.026867389679,0.8233405944824218,0.0,17.369253037109374,0.12772369384765625,0
765.0328214168549,0.8160987731933593,0.0,17.594292557373045,0.10483551025390625,0
765.0468289852142,0.8257545349121094,0.0,17.97346873535156,0.12009429931640625,0
765.0688166618347,0.8209266540527344,0.0,17.689857285156247,0.10483551025390625,0
765.0798239707947,0.8167884704589844,0.0,18.377306778564453,0.12772369384765625,0
765.0831561088562,0.8216163513183593,0.0,17.58196162475586,0.12772369384765625,0
765.0878286361694,0.8236854431152344,0.0,17.572713425292967,0.12009429931640625,0
765.0925760269165,0.8236854431152344,0.0,17.403163101806637,0.12009429931640625,0
765.0978651046753,0.7860969421386719,-0.13999999999998636,17.594292557373045,0.14298248291015625,0
765.1028678417206,0.8426521179199219,0.0,17.662112686767575,0.10483551025390625,0
765.1079106330872,0.8078224060058593,0.01999999999998181,17.483314163818356,0.14298248291015625,0
765.1118445396423,0.8205818054199219,0.0,18.038206131591796,0.09720611572265625,0
765.1167681217194,0.8257545349121094,0.0,17.591209824218748,0.10483551025390625,0
765.1227686405182,0.8092018005371093,0.0,17.492562363281248,0.12772369384765625,0
765.1278595924377,0.8192024108886719,-0.13999999999998636,17.41241130126953,0.12009429931640625,0
765.1329038143158,0.8181678649902343,-0.15999999999996817,17.58196162475586,0.10483551025390625,0
765.1378734111786,0.8271339294433594,0.0,17.55113429321289,0.10483551025390625,0
765.1429176330566,0.7823036071777344,0.0,17.39083216918945,0.12009429931640625,0
765.1568093299866,0.8274787780761719,0.0,17.492562363281248,0.12772369384765625,0
765.1791701316833,0.8209266540527344,0.0,18.198508255615234,0.14298248291015625,0
765.1911840438843,0.8033393737792969,0.0,17.467900498046873,0.10483551025390625,0
765.195175409317,0.8212715026855468,0.0,18.195425522460937,0.12772369384765625,0
765.1981868743896,0.8081672546386719,0.0,17.572713425292967,0.12009429931640625,0
765.2029249668121,0.8219611999511719,0.0,17.655947220458984,0.12772369384765625,0
765.207197189331,0.8054084655761719,0.0,17.483314163818356,0.12772369384765625,0
765.2121751308441,0.8188575622558594,0.0,18.118357193603515,0.10483551025390625,0
765.2178535461426,0.8081672546386719,0.0,17.662112686767575,0.13535308837890625,0
765.2229540348053,0.8150642272949219,0.0,17.50181056274414,0.12772369384765625,0
765.2269468307495,0.8143745300292968,0.0,17.406245834960934,0.10483551025390625,0
765.2321906089783,0.8157539245605469,0.0,17.575796158447265,0.12772369384765625,0
765.2367670536041,0.8123054382324219,0.0,17.603540756835937,0.12009429931640625,0
765.2428209781647,0.8147193786621093,0.0,17.400080368652343,0.10483551025390625,0
765.2478601932526,0.8016151306152344,0.0,17.58196162475586,0.12009429931640625,0
765.2528626918793,0.8129951354980468,0.0,17.646699020996092,0.10483551025390625,0
765.2708745002747,0.8195472595214843,0.0,17.52030696166992,0.12772369384765625,0
765.290908575058,0.8129951354980468,0.0,17.483314163818356,0.09720611572265625,0
765.2998466491699,0.8085121032714844,0.0,17.585044357910153,0.10483551025390625,0
765.3037195205688,0.8067878601074219,0.0,17.58196162475586,0.10483551025390625,0
765.3078188896179,0.8157539245605469,0.0,17.474065964355468,0.13535308837890625,0
765.3129448890686,0.8129951354980468,0.0,18.275576584472656,0.10483551025390625,0
765.3174271583557,0.8078224060058593,0.0,17.671360886230467,0.10483551025390625,0
765.3231430053711,0.8123054382324219,0.0,17.492562363281248,0.10483551025390625,0
765.3279016017914,0.8126502868652343,0.0,17.418576767578124,0.12009429931640625,0
765.3329451084137,0.8140296813964844,0.0,17.572713425292967,0.10483551025390625,0
765.3379096984863,0.8102363464355469,0.0,17.566547958984373,0.10483551025390625,0
765.3430142402649,0.8129951354980468,0.0,17.384666702880857,0.12009429931640625,0
765.3478407859802,0.8074775573730468,0.0,17.58196162475586,0.12009429931640625,0
765.3526406288147,0.8147193786621093,0.0,17.652864487304686,0.10483551025390625,0
765.3577110767365,0.8102363464355469,0.0,17.483314163818356,0.10483551025390625,0
765.3627688884735,0.8078224060058593,0.0,18.34031398071289,0.12772369384765625,0
765.3817839622498,0.8143745300292968,-0.13999999999998636,17.56963069213867,0.10483551025390625,0
765.4027552604675,0.8119605895996094,0.01999999999998181,17.64978175415039,0.12772369384765625,0
765.4129273891449,0.8081672546386719,0.0,18.324900314941406,0.10483551025390625,0
765.4167957305908,0.8160987731933593,0.0,17.58812709106445,0.12772369384765625,0
765.4218144416809,0.8123054382324219,0.0,17.523389694824218,0.12772369384765625,0
765.4258444309235,0.8160987731933593,0.0,17.4401558996582,0.12772369384765625,0
765.4298479557037,0.8112708923339843,0.0,18.124522659912106,0.12009429931640625,0
765.4339323043823,0.8140296813964844,0.0,17.58812709106445,0.12009429931640625,0
765.4379382133484,0.8185127136230469,-0.13999999999998636,17.563465225830075,0.12009429931640625,0
765.4421887397766,0.8095466491699218,0.0,17.384666702880857,0.12009429931640625,0
765.4468441009521,0.8240302917480469,-0.15999999999996817,17.96422053588867,0.12009429931640625,0
765.4528532028198,0.8326515075683594,-0.15999999999996817,17.652864487304686,0.12009429931640625,0
765.4579439163208,0.8443763610839844,0.0,17.483314163818356,0.12772369384765625,0
765.4628403186798,0.8561012145996093,0.0,18.324900314941406,0.12009429931640625,0
765.4678475856781,0.8661018249511718,-0.15999999999996817,17.662112686767575,0.12009429931640625,0
765.4712538719177,0.8798957702636718,0.01999999999998181,17.52030696166992,0.12772369384765625,0
765.4852516651154,0.9116218444824218,0.01999999999998181,17.66827815307617,0.12772369384765625,0
765.5091879367828,0.9464515563964844,-0.13999999999998636,17.36308757080078,0.12772369384765625,0
765.5212988853455,0.9519691345214844,0.03999999999996362,17.514141495361326,0.12009429931640625,0
765.5258045196533,0.9581764099121093,0.08000000000004093,17.45248683227539,0.12772369384765625,0
765.5298252105713,0.9619697448730469,0.08000000000004093,18.127605393066403,0.12772369384765625,0
765.533171415329,0.9733497497558593,-0.05999999999994543,17.591209824218748,0.12009429931640625,0
765.5381858348846,0.9812812683105469,-0.03999999999996362,17.514141495361326,0.09720611572265625,0
765.5428540706635,0.9630042907714843,-0.03999999999996362,17.400080368652343,0.09720611572265625,0
765.54784989357,0.9802467224121093,-0.03999999999996362,17.594292557373045,0.12772369384765625,0
765.5522723197937,0.9826606628417969,-0.01999999999998181,17.655947220458984,0.09720611572265625,0
765.5573453903198,0.9840400573730468,-0.01999999999998181,17.474065964355468,0.10483551025390625,0
765.5623483657837,0.9667976257324218,-0.01999999999998181,18.39888591064453,0.12772369384765625,0
765.567352771759,0.9578315612792968,-0.01999999999998181,17.655947220458984,0.12772369384765625,0
765.5728132724762,0.9536933776855469,-0.01999999999998181,17.50797602905273,0.12009429931640625,0
765.5773587226868,0.9333473083496093,0.0,17.406245834960934,0.12772369384765625,0
765.5823726654053,0.9216224548339843,0.0,17.594292557373045,0.12009429931640625,0
765.609393119812,0.7829933044433594,0.01999999999998181,17.38158396972656,0.12009429931640625,0
765.6544101238251,0.9643836853027343,-0.12000000000000455,17.526472427978515,0.12009429931640625,0
765.6714835166931,0.9885230895996093,-0.17999999999994998,17.529555161132812,0.13535308837890625,0
765.6754930019379,0.9995582458496093,-0.01999999999998181,17.427824967041015,0.12772369384765625,0
765.6794989109039,1.0130073425292967,-0.01999999999998181,18.198508255615234,0.12772369384765625,0
765.6835069656372,1.0195594665527343,0.0,17.58812709106445,0.10483551025390625,0
765.6874101161957,1.0243873474121092,0.0,17.55113429321289,0.12772369384765625,0
765.6928062438965,1.0292152282714844,0.0,17.384666702880857,0.12009429931640625,0
765.7114253044128,1.037146746826172,0.01999999999998181,18.263245651855467,0.10483551025390625,0
765.7478275299072,1.0036964294433592,0.03999999999996362,17.58812709106445,0.12009429931640625,0
765.7624607086182,0.9561073181152343,0.03999999999996362,18.087529862060546,0.12009429931640625,0
765.7677597999573,0.9464515563964844,-0.03999999999996362,17.662112686767575,0.12009429931640625,0
765.7728962898254,0.8961036560058593,-0.01999999999998181,17.50181056274414,0.10483551025390625,0
765.7771773338318,0.8323066589355469,-0.01999999999998181,17.40932856811523,0.09720611572265625,0
765.7818114757538,0.7892005798339844,-0.01999999999998181,17.575796158447265,0.09720611572265625,0
765.7877745628357,0.7440254089355468,-0.01999999999998181,17.566547958984373,0.09720611572265625,0
765.7921667098999,0.7367835876464843,0.01999999999998181,17.39083216918945,0.10483551025390625,0
765.7971811294556,0.7478187438964844,-0.12000000000000455,17.575796158447265,0.12009429931640625,0
765.8168168067932,0.8067878601074219,0.05999999999994543,17.572713425292967,0.10483551025390625,0
765.8368284702301,0.8809303161621094,-0.05999999999994543,17.58196162475586,0.12772369384765625,0
765.8469219207764,0.9202430603027343,0.0,17.692940018310544,0.12009429931640625,0
765.8507599830627,0.9236915466308593,0.03999999999996362,17.612788956298825,0.09720611572265625,0
765.8547716140747,0.9423133728027343,-0.08000000000004093,17.51105876220703,0.12772369384765625,0
765.8581562042236,0.9595558044433593,-0.08000000000004093,17.446321365966796,0.12772369384765625,0
765.863804101944,0.9595558044433593,-0.05999999999994543,17.606623489990234,0.12009429931640625,0
765.8675289154053,0.9785224792480468,-0.03999999999996362,17.6374508215332,0.12009429931640625,0
765.8728442192078,0.9778327819824219,-0.03999999999996362,17.483314163818356,0.12009429931640625,0
765.8777620792389,0.9885230895996093,-0.03999999999996362,17.38158396972656,0.12772369384765625,0
765.8827934265137,0.9985236999511719,-0.01999999999998181,17.560382492675778,0.10483551025390625,0
765.887853384018,1.0085243103027344,0.0,17.544968826904295,0.12009429931640625,0
765.8928964138031,0.9992133972167968,0.0,17.369253037109374,0.10483551025390625,0
765.8979930877686,1.0033515808105469,0.0,17.572713425292967,0.10483551025390625,0
765.9028103351593,1.0102485534667969,0.0,17.63128535522461,0.12772369384765625,0
765.9078199863434,0.9950752136230469,-0.12000000000000455,17.46173503173828,0.10483551025390625,0
765.9268298149109,0.9092079040527343,0.03999999999996362,17.3415084387207,0.12009429931640625,0
765.946843624115,0.7864417907714844,0.05999999999994543,17.850159409179685,0.12772369384765625,0
765.9569008350372,0.7709236022949219,-0.03999999999996362,17.467900498046873,0.09720611572265625,0
765.9609053134918,0.7691993591308594,0.0,17.378501236572262,0.10483551025390625,0
765.9649081230164,0.7712684509277343,0.01999999999998181,17.563465225830075,0.12009429931640625,0
765.968923330307,0.7967872497558594,-0.12000000000000455,17.662112686767575,0.12772369384765625,0
765.9732489585876,0.8009254333496093,-0.12000000000000455,17.464817764892576,0.12009429931640625,0
765.9778485298157,0.8060981628417968,-0.08000000000004093,17.39083216918945,0.12772369384765625,0
765.982394695282,0.8302375671386718,-0.05999999999994543,17.566547958984373,0.12772369384765625,0
765.9874200820923,0.8367896911621093,-0.05999999999994543,17.532637894287106,0.10483551025390625,0
765.9929287433624,0.8440315124511718,-0.03999999999996362,17.36308757080078,0.12009429931640625,0
765.9970331192017,0.8716194030761718,-0.01999999999998181,17.554217026367187,0.13535308837890625,0
766.002034664154,0.8798957702636718,-0.01999999999998181,17.63128535522461,0.12009429931640625,0
766.0070798397064,0.8895515319824219,0.0,17.45865229858398,0.10483551025390625,0
766.0121810436249,0.9109321472167968,-0.13999999999998636,18.124522659912106,0.12009429931640625,0
766.0184991359711,0.9381751892089844,0.01999999999998181,17.665195419921872,0.12772369384765625,0
766.0309889316559,0.9623145935058594,0.01999999999998181,17.563465225830075,0.12772369384765625,0
766.0568423271179,0.9654182312011719,0.05999999999994543,17.474065964355468,0.12009429931640625,0
766.0680043697357,0.9247260925292968,-0.05999999999994543,17.643616287841795,0.12772369384765625,0
766.072836637497,0.8971382019042968,0.0,17.45865229858398,0.12772369384765625,0
766.0778057575226,0.8688606140136719,0.03999999999996362,17.36308757080078,0.15061187744140625,0
766.0821866989136,0.8340309020996094,0.03999999999996362,17.532637894287106,0.15824127197265625,0
766.0861883163452,0.8240302917480469,-0.08000000000004093,17.55113429321289,0.12009429931640625,0
766.0918307304382,0.8071327087402344,-0.05999999999994543,17.418576767578124,0.10483551025390625,0
766.0971155166626,0.8057533142089843,-0.03999999999996362,17.529555161132812,0.14298248291015625,0
766.1028070449829,0.8581703063964843,-0.03999999999996362,17.594292557373045,0.14298248291015625,0
766.1062123775482,0.8650672790527343,-0.01999999999998181,17.41241130126953,0.12009429931640625,0
766.1124835014343,0.9030006286621093,-0.01999999999998181,18.36805857910156,0.12772369384765625,0
766.1177825927734,0.9230018493652343,-0.12000000000000455,17.606623489990234,0.12772369384765625,0
766.1228084564209,0.9392097351074218,-0.10000000000002274,17.427824967041015,0.12009429931640625,0
766.1274392604828,0.9902473327636718,-0.08000000000004093,17.338425705566404,0.14298248291015625,0
766.1407589912415,1.0381812927246092,0.10000000000002274,17.418576767578124,0.12009429931640625,0
766.1877899169922,1.175086199951172,-0.03999999999996362,17.483314163818356,0.13535308837890625,0
766.2058036327362,0.9809364196777344,-0.15999999999996817,17.43090770019531,0.15061187744140625,0
766.209810256958,1.0423194763183594,-0.12000000000000455,17.304515640869138,0.12772369384765625,0
766.2138130664825,1.0347328063964842,-0.12000000000000455,17.674443619384764,0.10483551025390625,0
766.2178130149841,1.057837664794922,-0.17999999999994998,17.603540756835937,0.09720611572265625,0
766.2228190898895,0.9747291442871093,0.0,17.4401558996582,0.10483551025390625,0
766.2278072834015,1.0212837097167968,-0.13999999999998636,17.344591171875,0.10483551025390625,0
766.2328133583069,1.0947364685058594,-0.13999999999998636,17.529555161132812,0.10483551025390625,0
766.2378127574921,1.0247321960449218,-0.08000000000004093,17.51105876220703,0.09720611572265625,0
766.267502784729,1.1281867858886718,-0.05999999999994543,17.662112686767575,0.12009429931640625,0
766.3157618045807,0.9016212341308594,-0.03999999999996362,17.603540756835937,0.12772369384765625,0
766.3368015289307,1.0292152282714844,-0.05999999999994543,17.612788956298825,0.12009429931640625,0
766.3407914638519,1.0592170593261718,-0.01999999999998181,17.492562363281248,0.10483551025390625,0
766.3444664478302,1.0454231140136718,-0.01999999999998181,17.58196162475586,0.10483551025390625,0
766.3744864463806,0.8571357604980469,-0.03999999999996362,17.492562363281248,0.08957672119140625,0
766.429181098938,0.9647285339355468,-0.03999999999996362,18.01354426635742,0.12772369384765625,0
766.4478049278259,1.0105934020996092,-0.08000000000004093,17.606623489990234,0.10483551025390625,0
766.452796459198,0.9964546081542969,-0.13999999999998636,17.652864487304686,0.12772369384765625,0
766.4572141170502,1.0030067321777343,-0.05999999999994543,17.48947963012695,0.12009429931640625,0
766.4761922359467,0.8164436218261718,-0.03999999999996362,17.384666702880857,0.12009429931640625,0
766.512204170227,0.8423072692871093,-0.01999999999998181,18.09369532836914,0.12772369384765625,0
766.5252068042755,0.9130012390136718,0.01999999999998181,17.427824967041015,0.10483551025390625,0
766.5298094749451,0.9347267028808594,-0.13999999999998636,18.08444712890625,0.10483551025390625,0
766.5328903198242,0.9581764099121093,0.10000000000002274,17.594292557373045,0.09720611572265625,0
766.5371930599213,0.9716255065917968,0.10000000000002274,17.560382492675778,0.12009429931640625,0
766.5411653518677,0.9799018737792968,-0.03999999999996362,17.467900498046873,0.12772369384765625,0
766.547262430191,0.9878333923339844,-0.01999999999998181,17.591209824218748,0.12772369384765625,0
766.5512735843658,0.9943855163574218,-0.01999999999998181,17.705270950927734,0.12772369384765625,0
766.5564122200012,1.0133521911621093,-0.01999999999998181,17.48947963012695,0.10483551025390625,0
766.5626151561737,0.9967994567871094,0.0,18.34956218017578,0.12772369384765625,0
766.5886135101318,0.7978217956542969,-0.13999999999998636,17.529555161132812,0.09720611572265625,0
766.6406450271606,0.8792060729980469,-0.10000000000002274,17.526472427978515,0.10483551025390625,0
766.6580667495728,0.9050697204589844,-0.10000000000002274,17.486396896972654,0.09720611572265625,0
766.6628034114838,0.9057594177246093,-0.10000000000002274,18.716407425537106,0.10483551025390625,0
766.6676633358002,0.9185188171386718,-0.10000000000002274,17.711436417236325,0.12772369384765625,0
766.6727216243744,0.9140357849121094,-0.01999999999998181,17.523389694824218,0.12009429931640625,0
766.6928029060364,0.8136848327636719,-0.01999999999998181,17.418576767578124,0.09720611572265625,0
766.7308022975922,0.6926429626464844,-0.01999999999998181,17.6374508215332,0.10483551025390625,0
766.7476980686188,0.7498878356933594,-0.12000000000000455,17.609706223144528,0.12772369384765625,0
766.7527542114258,0.7474738952636718,-0.15999999999996817,17.655947220458984,0.10483551025390625,0
766.7577517032623,0.7757514831542969,-0.12000000000000455,17.48023143066406,0.10483551025390625,0
766.762237071991,0.8033393737792969,-0.10000000000002274,18.59618083251953,0.12772369384765625,0
766.7661285400391,0.7929939147949219,-0.10000000000002274,17.597375290527342,0.10483551025390625,0
766.772787809372,0.8398933288574219,-0.08000000000004093,17.51105876220703,0.09720611572265625,0
766.7777161598206,0.8388587829589843,-0.05999999999994543,17.427824967041015,0.10483551025390625,0
766.782787322998,0.8523078796386718,-0.03999999999996362,17.597375290527342,0.12772369384765625,0
766.786792755127,0.8864478942871094,-0.01999999999998181,17.563465225830075,0.09720611572265625,0
766.8158133029938,0.9416236755371094,-0.01999999999998181,17.575796158447265,0.09720611572265625,0
766.8438310623169,0.9961097595214843,-0.01999999999998181,17.378501236572262,0.10483551025390625,0
766.8529834747314,0.9736945983886718,0.03999999999996362,17.575796158447265,0.10483551025390625,0
766.8576228618622,0.9595558044433593,-0.03999999999996362,17.46173503173828,0.12772369384765625,0
766.8628935813904,0.9643836853027343,-0.03999999999996362,18.00429606689453,0.14298248291015625,0
766.8677082061768,0.9716255065917968,-0.03999999999996362,17.6374508215332,0.14298248291015625,0
766.8728325366974,0.9316230651855468,-0.01999999999998181,17.486396896972654,0.13535308837890625,0
766.8778383731842,0.8785163757324218,-0.01999999999998181,17.403163101806637,0.10483551025390625,0
766.8826155662537,0.7860969421386719,0.13999999999998636,17.591209824218748,0.12772369384765625,0
766.8878891468048,0.7164375183105468,0.13999999999998636,17.554217026367187,0.10483551025390625,0
766.8919794559479,0.6919532653808593,0.0,17.396997635498046,0.10483551025390625,0
766.9310956001282,0.8309272644042969,-0.13999999999998636,17.58196162475586,0.10483551025390625,0
766.9622480869293,0.9243812438964844,-0.12000000000000455,18.065950729980468,0.12009429931640625,0
766.9767999649048,0.9554176208496094,0.03999999999996362,17.369253037109374,0.12009429931640625,0
766.9808003902435,0.9495551940917968,0.0,17.594292557373045,0.08957672119140625,0
766.9841911792755,0.9485206481933594,0.01999999999998181,17.70835368408203,0.10483551025390625,0
766.9882340431213,0.9543830749511718,0.01999999999998181,17.51105876220703,0.12009429931640625,0
766.9923045635223,0.9692115661621094,0.01999999999998181,17.400080368652343,0.12009429931640625,0
766.997227191925,0.9719703552246093,0.03999999999996362,17.594292557373045,0.12772369384765625,0
767.0027995109558,0.9312782165527344,-0.10000000000002274,17.662112686767575,0.12009429931640625,0
767.0071477890015,0.9292091247558594,-0.10000000000002274,17.486396896972654,0.12009429931640625,0
767.0271642208099,0.7374732849121094,-0.10000000000002274,17.433990433349607,0.10483551025390625,0
767.0648021697998,0.7429908630371094,-0.05999999999994543,17.594292557373045,0.10483551025390625,0
767.0817992687225,0.8433418151855469,-0.01999999999998181,17.58812709106445,0.12772369384765625,0
767.0858390331268,0.8792060729980469,-0.05999999999994543,17.671360886230467,0.10483551025390625,0
767.0891647338867,0.9154151794433594,-0.05999999999994543,17.492562363281248,0.10483551025390625,0
767.0933935642242,0.9185188171386718,-0.13999999999998636,17.387749436035154,0.10483551025390625,0
767.0977993011475,0.9398994323730469,-0.12000000000000455,17.575796158447265,0.12772369384765625,0
767.102174282074,0.9602455017089844,-0.12000000000000455,17.652864487304686,0.10483551025390625,0
767.1077992916107,0.9561073181152343,0.05999999999994543,17.48023143066406,0.10483551025390625,0
767.1286509037018,1.0164558288574217,0.05999999999994543,17.896400406494138,0.12772369384765625,0
767.1666724681854,0.9861091491699219,-0.05999999999994543,17.58812709106445,0.10483551025390625,0
767.1831409931183,0.9426582214355468,0.0,17.597375290527342,0.10483551025390625,0
767.1872134208679,0.9516242858886719,0.03999999999996362,17.55113429321289,0.12009429931640625,0
767.1928277015686,0.9623145935058594,0.03999999999996362,17.37233577026367,0.12009429931640625,0
767.1977984905243,0.9416236755371094,-0.05999999999994543,17.585044357910153,0.12772369384765625,0
767.2022302150726,0.8805854675292968,-0.03999999999996362,17.646699020996092,0.12009429931640625,0
767.207222700119,0.8392036315917969,-0.03999999999996362,17.47098323120117,0.10483551025390625,0
767.2112262248993,0.8481696960449219,-0.03999999999996362,18.30948664916992,0.12009429931640625,0
767.2177410125732,0.8374793884277344,-0.03999999999996362,17.683691818847656,0.12772369384765625,0
767.2377665042877,0.8864478942871094,-0.01999999999998181,17.56963069213867,0.12772369384765625,0
767.2756395339966,1.0243873474121092,-0.15999999999996817,17.42165950073242,0.12772369384765625,0
767.2927870750427,0.6516059753417969,-0.05999999999994543,17.396997635498046,0.12772369384765625,0
767.2977919578552,0.7360938903808594,-0.01999999999998181,17.58812709106445,0.12772369384765625,0
767.3020117282867,0.7912696716308594,-0.05999999999994543,17.643616287841795,0.12009429931640625,0
767.307058095932,0.7557502624511718,-0.03999999999996362,17.47098323120117,0.12009429931640625,0
767.3120672702789,0.8533424255371094,-0.15999999999996817,18.59618083251953,0.12009429931640625,0
767.3177254199982,0.8585151550292969,-0.15999999999996817,17.652864487304686,0.10483551025390625,0
767.3220369815826,0.8485145446777344,-0.12000000000000455,17.48947963012695,0.12009429931640625,0
767.3277974128723,0.9347267028808594,-0.10000000000002274,17.403163101806637,0.09720611572265625,0
767.3321757316589,0.9288642761230468,-0.08000000000004093,17.566547958984373,0.12772369384765625,0
767.3528168201447,0.9605903503417969,-0.03999999999996362,17.62820262207031,0.12009429931640625,0
767.3922460079193,0.8488593933105468,-0.03999999999996362,17.36308757080078,0.12772369384765625,0
767.4107971191406,0.7643714782714843,-0.13999999999998636,17.37233577026367,0.12772369384765625,0
767.4138956069946,0.7605781433105469,-0.01999999999998181,17.563465225830075,0.10483551025390625,0
767.4187715053558,0.7660957214355468,0.01999999999998181,17.64978175415039,0.12009429931640625,0
767.4227962493896,0.7564399597167969,0.03999999999996362,17.47098323120117,0.12772369384765625,0
767.427784204483,0.7529914733886719,0.03999999999996362,17.400080368652343,0.13535308837890625,0
767.4327957630157,0.7664405700683593,0.03999999999996362,17.563465225830075,0.10483551025390625,0
767.4377756118774,0.7960975524902344,-0.05999999999994543,17.535720627441403,0.12009429931640625,0
767.4427926540375,0.7943733093261719,0.10000000000002274,17.366170303955077,0.12772369384765625,0
767.4617962837219,0.8561012145996093,-0.03999999999996362,18.281742050781247,0.12772369384765625,0
767.498242855072,0.8195472595214843,-0.01999999999998181,17.535720627441403,0.13535308837890625,0
767.5102484226227,0.6802284118652343,-0.10000000000002274,17.360004837646482,0.12772369384765625,0
767.5143277645111,0.6602271911621094,-0.10000000000002274,17.541886093749998,0.12772369384765625,0
767.5188069343567,0.6791938659667969,-0.03999999999996362,17.6374508215332,0.12009429931640625,0
767.5227746963501,0.7047126647949219,-0.03999999999996362,17.45865229858398,0.12009429931640625,0
767.527108669281,0.6960914489746094,-0.03999999999996362,17.38158396972656,0.10483551025390625,0
767.5328011512756,0.7464393493652344,0.0,17.554217026367187,0.10483551025390625,0
767.5377798080444,0.7505775329589843,0.01999999999998181,17.514141495361326,0.09720611572265625,0
767.5422639846802,0.7740272399902344,-0.10000000000002274,17.356922104492185,0.10483551025390625,0
767.5471076965332,0.8167884704589844,-0.08000000000004093,17.541886093749998,0.12009429931640625,0
767.5611352920532,0.8605842468261719,-0.08000000000004093,18.0320406652832,0.12009429931640625,0
767.5861463546753,0.9133460876464843,-0.03999999999996362,17.55113429321289,0.13535308837890625,0
767.5981910228729,0.9474861022949218,-0.01999999999998181,17.523389694824218,0.13535308837890625,0
767.6022481918335,0.9430030700683594,0.01999999999998181,17.58812709106445,0.10483551025390625,0
767.6062572002411,0.9123115417480469,0.03999999999996362,17.427824967041015,0.15824127197265625,0
767.6117894649506,0.9416236755371094,0.03999999999996362,17.819332077636716,0.12772369384765625,0
767.6172468662262,0.9326576110839844,0.03999999999996362,17.603540756835937,0.15061187744140625,0
767.6212522983551,0.9243812438964844,0.03999999999996362,17.433990433349607,0.14298248291015625,0
767.6273469924927,0.9423133728027343,0.03999999999996362,17.344591171875,0.12772369384765625,0
767.632794380188,0.8895515319824219,0.03999999999996362,17.51105876220703,0.14298248291015625,0
767.6373567581177,0.9578315612792968,-0.12000000000000455,17.464817764892576,0.10483551025390625,0
767.6421110630035,0.9133460876464843,-0.12000000000000455,17.310681107177732,0.12772369384765625,0
767.6477944850922,0.8950691101074219,0.03999999999996362,17.51105876220703,0.15061187744140625,0
767.6523399353027,0.9823158142089843,-0.10000000000002274,17.566547958984373,0.12772369384765625,0
767.6573452949524,0.8888618347167968,0.03999999999996362,17.396997635498046,0.12772369384765625,0
767.6917669773102,0.9871436950683593,-0.12000000000000455,17.400080368652343,0.12009429931640625,0
767.7462427616119,1.0461128112792968,-0.12000000000000455,17.739181015624997,0.13535308837890625,0
767.7632966041565,0.8847236511230469,-0.10000000000002274,17.58196162475586,0.14298248291015625,0
767.7672603130341,0.8933448669433594,0.0,17.594292557373045,0.14298248291015625,0
767.7872791290283,0.7947181579589844,-0.10000000000002274,17.486396896972654,0.10483551025390625,0
767.828330039978,0.8985175964355469,-0.08000000000004093,18.331065781249997,0.14298248291015625,0
767.8383445739746,0.9733497497558593,-0.01999999999998181,17.48023143066406,0.12009429931640625,0
767.8428778648376,0.9381751892089844,-0.03999999999996362,17.36308757080078,0.09720611572265625,0
767.8462970256805,0.8888618347167968,-0.01999999999998181,17.850159409179685,0.12772369384765625,0
767.8528718948364,0.9557624694824218,-0.01999999999998181,17.6374508215332,0.10483551025390625,0
767.8577926158905,0.9281745788574218,0.01999999999998181,17.474065964355468,0.12009429931640625,0
767.862407207489,0.8950691101074219,0.03999999999996362,18.472871506347655,0.09720611572265625,0
767.8676900863647,0.8750678894042968,-0.10000000000002274,17.67752635253906,0.10483551025390625,0
767.8727924823761,0.8412727233886719,0.08000000000004093,17.50797602905273,0.10483551025390625,0
767.8777711391449,0.7867866394042968,-0.03999999999996362,17.4432386328125,0.09720611572265625,0
767.8955273628235,0.7323005554199219,-0.03999999999996362,18.482119705810543,0.10483551025390625,0
767.9535744190216,0.9685218688964843,-0.01999999999998181,17.597375290527342,0.12772369384765625,0
767.9716191291809,0.9240363952636719,-0.08000000000004093,17.529555161132812,0.10483551025390625,0
767.9756963253021,0.9233466979980468,0.0,17.45248683227539,0.12009429931640625,0
767.9792006015778,0.8809303161621094,0.03999999999996362,18.146101791992187,0.10483551025390625,0
767.9842088222504,0.9116218444824218,0.03999999999996362,17.70835368408203,0.10483551025390625,0
767.988219499588,0.8985175964355469,-0.10000000000002274,17.52030696166992,0.10483551025390625,0
768.0077044963837,0.7581642028808594,-0.08000000000004093,17.492562363281248,0.10483551025390625,0
768.0557327270508,0.8326515075683594,-0.05999999999994543,17.52030696166992,0.10483551025390625,0
768.0717437267303,0.8650672790527343,-0.01999999999998181,17.523389694824218,0.10483551025390625,0
768.0748291015625,0.9164497253417968,-0.05999999999994543,17.48947963012695,0.09720611572265625,0
768.07870054245,0.9909370300292968,-0.05999999999994543,18.065950729980468,0.12009429931640625,0
768.0827913284302,0.9654182312011719,-0.01999999999998181,17.606623489990234,0.10483551025390625,0
768.0877981185913,0.9674873229980469,-0.01999999999998181,17.560382492675778,0.12772369384765625,0
768.0928015708923,1.0219734069824218,-0.01999999999998181,17.387749436035154,0.09720611572265625,0
768.1168174743652,1.0016273376464844,0.01999999999998181,17.597375290527342,0.12772369384765625,0
768.1578257083893,0.8298927185058593,0.08000000000004093,17.486396896972654,0.09720611572265625,0
768.1708388328552,0.8829994079589844,-0.01999999999998181,17.58196162475586,0.10483551025390625,0
768.1748414039612,0.9316230651855468,-0.15999999999996817,17.483314163818356,0.10483551025390625,0
768.1781523227692,0.9395545837402344,-0.08000000000004093,17.96422053588867,0.12772369384765625,0
768.1821579933167,0.9481757995605469,-0.08000000000004093,17.594292557373045,0.12772369384765625,0
768.1865894794464,1.0354225036621094,-0.05999999999994543,17.609706223144528,0.10483551025390625,0
768.192873954773,1.0519752380371092,-0.01999999999998181,17.387749436035154,0.12772369384765625,0
768.1969804763794,1.0212837097167968,-0.01999999999998181,17.585044357910153,0.10483551025390625,0
768.2028872966766,1.0385261413574218,0.01999999999998181,17.655947220458984,0.12009429931640625,0
768.2079005241394,1.0133521911621093,-0.10000000000002274,17.492562363281248,0.12772369384765625,0
768.2228245735168,0.6860908386230469,-0.03999999999996362,17.535720627441403,0.10483551025390625,0
768.2477736473083,0.9185188171386718,-0.03999999999996362,17.634368088378903,0.09720611572265625,0
768.2597892284393,0.8143745300292968,-0.08000000000004093,17.41241130126953,0.10483551025390625,0
768.2637856006622,0.7098853942871094,-0.17999999999994998,17.68677455200195,0.10483551025390625,0
768.2670085430145,0.6188453552246094,-0.08000000000004093,17.723767349853514,0.12009429931640625,0
768.2727890014648,0.7005744812011718,-0.08000000000004093,17.535720627441403,0.10483551025390625,0
768.2777507305145,0.8060981628417968,-0.03999999999996362,17.50797602905273,0.12009429931640625,0
768.2828304767609,0.8026496765136718,-0.12000000000000455,17.609706223144528,0.12009429931640625,0
768.2877888679504,0.8716194030761718,-0.08000000000004093,17.56963069213867,0.12009429931640625,0
768.2929227352142,0.9640388366699219,-0.03999999999996362,17.400080368652343,0.09720611572265625,0
768.2972910404205,0.9333473083496093,-0.13999999999998636,17.603540756835937,0.10483551025390625,0
768.3027884960175,0.8767921325683593,-0.13999999999998636,17.64978175415039,0.13535308837890625,0
768.3077883720398,0.9374854919433593,-0.05999999999994543,17.48023143066406,0.12009429931640625,0
768.3128271102905,0.8654121276855469,-0.17999999999994998,18.352644913330078,0.09720611572265625,0
768.3178291320801,0.5864295837402344,-0.15999999999996817,17.705270950927734,0.10483551025390625,0
768.3368422985077,0.6653999206542969,-0.10000000000002274,17.609706223144528,0.12009429931640625,0
768.3568556308746,0.8629981872558593,-0.05999999999994543,17.504893295898437,0.12772369384765625,0
768.3668785095215,0.8226508972167969,-0.05999999999994543,17.594292557373045,0.12772369384765625,0
768.37091755867,0.7833381530761718,-0.12000000000000455,17.58812709106445,0.09720611572265625,0
768.3748965263367,0.7733375427246093,-0.05999999999994543,17.48947963012695,0.12772369384765625,0
768.3798887729645,0.6778144714355469,-0.05999999999994543,18.04437159790039,0.12009429931640625,0
768.3830571174622,0.49711378784179683,-0.01999999999998181,17.62820262207031,0.10483551025390625,0
768.3870706558228,0.41503981323242184,0.0,17.56963069213867,0.12009429931640625,0
768.3928754329681,0.5453925964355468,0.0,17.406245834960934,0.10483551025390625,0
768.397233247757,0.6226386901855469,0.01999999999998181,17.606623489990234,0.10483551025390625,0
768.4012367725372,0.5588416931152344,-0.08000000000004093,17.70835368408203,0.12772369384765625,0
768.406238079071,0.6105689880371094,-0.05999999999994543,17.50181056274414,0.09720611572265625,0
768.4119882583618,0.6436744567871093,-0.05999999999994543,18.549939835205077,0.10483551025390625,0
768.4169883728027,0.6236732360839844,-0.03999999999996362,17.689857285156247,0.13535308837890625,0
768.4228985309601,0.6457435485839843,-0.01999999999998181,17.50181056274414,0.12772369384765625,0
768.4270286560059,0.6643653747558593,-0.01999999999998181,17.424742233886718,0.12772369384765625,0
768.4462540149689,0.7122993347167969,0.0,17.877904007568358,0.10483551025390625,0
768.4673159122467,0.7205757019042969,0.01999999999998181,17.671360886230467,0.12009429931640625,0
768.4771108627319,0.7336799499511718,-0.12000000000000455,17.433990433349607,0.10483551025390625,0
768.4828791618347,0.7254035827636719,-0.05999999999994543,17.58812709106445,0.12009429931640625,0
768.4873654842377,0.7433357116699219,-0.05999999999994543,17.55113429321289,0.10483551025390625,0
768.4928305149078,0.7443702575683594,0.08000000000004093,17.378501236572262,0.12009429931640625,0
768.4973425865173,0.7619575378417969,-0.05999999999994543,17.591209824218748,0.13535308837890625,0
768.5022778511047,0.7660957214355468,-0.05999999999994543,17.63128535522461,0.12772369384765625,0
768.5068647861481,0.7616126892089844,-0.03999999999996362,17.492562363281248,0.09720611572265625,0
768.5128774642944,0.7919593688964843,-0.03999999999996362,18.250914719238278,0.10483551025390625,0
768.5171797275543,0.7529914733886719,-0.03999999999996362,17.671360886230467,0.12009429931640625,0
768.5221831798553,0.8140296813964844,-0.03999999999996362,17.48947963012695,0.12009429931640625,0
768.5271942615509,0.8271339294433594,-0.03999999999996362,17.418576767578124,0.12009429931640625,0
768.5328731536865,0.8126502868652343,-0.03999999999996362,17.575796158447265,0.12772369384765625,0
768.5458161830902,0.8512733337402343,-0.01999999999998181,18.331065781249997,0.10483551025390625,0
768.5740416049957,0.9305885192871093,-0.01999999999998181,17.467900498046873,0.12009429931640625,0
768.5860543251038,0.8923103210449218,0.0,17.597375290527342,0.10483551025390625,0
768.5901324748993,0.8957588073730468,-0.08000000000004093,17.483314163818356,0.12772369384765625,0
768.594820022583,0.8471351501464843,-0.05999999999994543,17.94264140380859,0.12009429931640625,0
768.5981583595276,0.7923042175292968,-0.03999999999996362,17.591209824218748,0.12009429931640625,0
768.6021819114685,0.7550605651855469,-0.01999999999998181,17.652864487304686,0.12009429931640625,0
768.608335018158,0.7529914733886719,-0.01999999999998181,17.45865229858398,0.12009429931640625,0
768.6120657920837,0.7388526794433593,-0.01999999999998181,18.423547775878905,0.10483551025390625,0
768.6171023845673,0.7212653991699218,0.0,17.683691818847656,0.10483551025390625,0
768.6221537590027,0.7509223815917968,-0.12000000000000455,17.50181056274414,0.10483551025390625,0
768.6261737346649,0.7588539001464844,0.03999999999996362,17.37233577026367,0.09720611572265625,0
768.6322615146637,0.7736823913574219,0.03999999999996362,17.591209824218748,0.12009429931640625,0
768.6372656822205,0.8112708923339843,-0.05999999999994543,17.548051560058592,0.10483551025390625,0
768.6425848007202,0.8326515075683594,-0.03999999999996362,17.396997635498046,0.10483551025390625,0
768.6652195453644,0.9881782409667969,-0.01999999999998181,17.58812709106445,0.12009429931640625,0
768.6858549118042,1.0557685729980468,-0.01999999999998181,17.665195419921872,0.12772369384765625,0
768.6948890686035,1.0316291687011718,-0.08000000000004093,18.28790751708984,0.13535308837890625,0
768.6997845172882,1.0837013122558594,-0.01999999999998181,17.58196162475586,0.13535308837890625,0
768.7046287059784,1.1109443542480468,-0.01999999999998181,17.529555161132812,0.09720611572265625,0
768.708086013794,1.1023231384277343,0.0,17.467900498046873,0.12772369384765625,0
768.7128784656525,1.0978401062011718,0.0,18.173846390380856,0.12009429931640625,0
768.7169060707092,1.1023231384277343,0.0,17.585044357910153,0.10483551025390625,0
768.7227845191956,1.1112892028808594,0.0,17.486396896972654,0.12772369384765625,0
768.7278754711151,1.1054267761230467,0.03999999999996362,17.43090770019531,0.12772369384765625,0
768.7322764396667,1.054389178466797,-0.08000000000004093,17.594292557373045,0.12009429931640625,0
768.7373096942902,1.0330085632324217,-0.05999999999994543,17.541886093749998,0.12009429931640625,0
768.742874622345,1.0557685729980468,0.10000000000002274,17.366170303955077,0.10483551025390625,0
768.7473061084747,1.0426643249511718,-0.03999999999996362,17.575796158447265,0.12009429931640625,0
768.7523565292358,0.9974891540527343,-0.03999999999996362,17.6374508215332,0.13535308837890625,0
768.757518529892,0.9595558044433593,-0.01999999999998181,17.464817764892576,0.12772369384765625,0
768.7768085002899,0.8950691101074219,-0.01999999999998181,17.356922104492185,0.14298248291015625,0
768.7961044311523,0.9519691345214844,-0.15999999999996817,17.674443619384764,0.14298248291015625,0
768.8061106204987,0.9688667175292969,0.03999999999996362,17.467900498046873,0.12772369384765625,0
768.8104557991028,0.9709358093261719,-0.05999999999994543,17.37233577026367,0.12009429931640625,0
768.8131802082062,0.9812812683105469,-0.03999999999996362,17.622037155761717,0.12772369384765625,0
768.817754983902,0.9974891540527343,-0.03999999999996362,17.662112686767575,0.10483551025390625,0
768.8227646350861,1.0168006774902343,0.12000000000000455,17.48023143066406,0.12772369384765625,0
768.8271079063416,1.0147315856933592,-0.01999999999998181,17.39083216918945,0.12009429931640625,0
768.8321530818939,1.0219734069824218,-0.01999999999998181,17.554217026367187,0.13535308837890625,0
768.8371562957764,1.054389178466797,0.0,17.523389694824218,0.12772369384765625,0
768.842232465744,1.033698260498047,0.0,17.360004837646482,0.10483551025390625,0
768.8462398052216,1.0226631042480467,0.0,17.646699020996092,0.10483551025390625,0
768.852790594101,1.0661140319824218,0.0,17.609706223144528,0.12009429931640625,0
768.8582220077515,1.0902534362792968,0.0,17.403163101806637,0.12772369384765625,0
768.8622362613678,1.0881843444824217,0.0,17.979634201660154,0.12009429931640625,0
768.8882534503937,1.1385322448730468,0.01999999999998181,17.483314163818356,0.10483551025390625,0
768.9382860660553,1.1550849792480469,0.01999999999998181,17.48023143066406,0.12772369384765625,0
768.953298330307,1.1864662048339842,0.08000000000004093,17.554217026367187,0.13535308837890625,0
768.9577758312225,1.185431658935547,-0.01999999999998181,17.449404099121093,0.12772369384765625,0
768.9622285366058,1.185431658935547,-0.01999999999998181,17.988882401123046,0.12772369384765625,0
768.9672765731812,1.1799140808105468,0.0,17.655947220458984,0.12009429931640625,0
768.9842913150787,1.1333595153808593,0.0,17.665195419921872,0.12009429931640625,0
769.0151560306549,1.0081794616699218,0.0,17.55113429321289,0.15061187744140625,0
769.0301656723022,0.9657630798339844,0.03999999999996362,17.554217026367187,0.10483551025390625,0
769.0343809127808,0.9612800476074218,-0.03999999999996362,17.665195419921872,0.12009429931640625,0
769.0371603965759,0.9323127624511718,0.0,17.529555161132812,0.12772369384765625,0
769.0427815914154,0.9347267028808594,-0.13999999999998636,17.360004837646482,0.12009429931640625,0
769.0471618175507,0.9605903503417969,0.01999999999998181,17.560382492675778,0.12772369384765625,0
769.0521318912506,0.9623145935058594,0.01999999999998181,17.615871689453122,0.12009429931640625,0
769.057135105133,0.9740394470214844,0.05999999999994543,17.4432386328125,0.12772369384765625,0
769.0627815723419,1.0009376403808592,-0.08000000000004093,18.05361979736328,0.09720611572265625,0
769.0671765804291,1.0219734069824218,-0.05999999999994543,17.646699020996092,0.12009429931640625,0
769.0728106498718,1.0350776550292968,-0.05999999999994543,17.47098323120117,0.10483551025390625,0
769.077234506607,1.0357673522949218,-0.03999999999996362,17.42165950073242,0.12772369384765625,0
769.0822584629059,1.0740455505371094,-0.01999999999998181,17.55113429321289,0.12009429931640625,0
769.1002056598663,1.1109443542480468,-0.01999999999998181,17.622037155761717,0.12772369384765625,0
769.1292655467987,0.9430030700683594,0.0,18.065950729980468,0.12772369384765625,0
769.1418006420135,0.7340247985839844,-0.08000000000004093,17.43090770019531,0.12009429931640625,0
769.1478672027588,0.8043739196777343,-0.15999999999996817,17.548051560058592,0.13535308837890625,0
769.1519520282745,0.8409278747558594,-0.15999999999996817,17.594292557373045,0.12772369384765625,0
769.1570308208466,0.8212715026855468,-0.05999999999994543,17.427824967041015,0.12009429931640625,0
769.1628153324127,0.8992072937011718,-0.03999999999996362,18.364975845947264,0.12009429931640625,0
769.1676375865936,0.9388648864746093,-0.01999999999998181,17.62820262207031,0.10483551025390625,0
769.1719958782196,0.9892127868652343,-0.01999999999998181,17.43090770019531,0.14298248291015625,0
769.1769959926605,0.9936958190917968,-0.12000000000000455,17.36308757080078,0.14298248291015625,0
769.1819989681244,1.0043861267089842,-0.08000000000004093,17.541886093749998,0.12009429931640625,0
769.1872158050537,0.8943794128417968,-0.05999999999994543,17.48947963012695,0.13535308837890625,0
769.2008631229401,1.1192207214355467,-0.03999999999996362,17.58812709106445,0.10483551025390625,0
769.2247660160065,1.1137031433105469,-0.01999999999998181,17.396997635498046,0.12772369384765625,0
769.2367718219757,1.1092201110839843,0.03999999999996362,17.526472427978515,0.12772369384765625,0
769.2407796382904,1.1154273864746094,-0.03999999999996362,17.400080368652343,0.13535308837890625,0
769.2441937923431,1.1157722351074217,-0.01999999999998181,18.025875198974607,0.12772369384765625,0
769.2492866516113,1.0978401062011718,-0.01999999999998181,17.514141495361326,0.14298248291015625,0
769.2532992362976,1.0792182800292969,0.0,17.514141495361326,0.14298248291015625,0
769.2572999000549,1.0464576599121094,0.0,17.400080368652343,0.13535308837890625,0
769.2624225616455,1.0147315856933592,0.0,18.01662699951172,0.14298248291015625,0
769.2679915428162,1.0447334167480469,0.0,17.603540756835937,0.12772369384765625,0
769.2728135585785,1.0188697692871094,-0.13999999999998636,17.424742233886718,0.14298248291015625,0
769.2777574062347,1.0050758239746094,-0.12000000000000455,17.3415084387207,0.14298248291015625,0
769.2827665805817,1.0130073425292967,-0.10000000000002274,17.51105876220703,0.12009429931640625,0
769.287323474884,0.9578315612792968,-0.08000000000004093,17.47098323120117,0.13535308837890625,0
769.2928643226624,0.9350715515136718,-0.08000000000004093,17.30143290771484,0.15061187744140625,0
769.2978637218475,0.8874824401855468,-0.03999999999996362,17.52030696166992,0.12772369384765625,0
769.3029165267944,0.8902412292480468,-0.03999999999996362,17.566547958984373,0.10483551025390625,0
769.3151817321777,0.9733497497558593,-0.01999999999998181,17.532637894287106,0.12772369384765625,0
769.3392009735107,0.9771430847167968,0.0,17.467900498046873,0.12772369384765625,0
769.3511731624603,1.0385261413574218,-0.10000000000002274,17.67752635253906,0.12009429931640625,0
769.3541822433472,1.0195594665527343,-0.01999999999998181,17.50797602905273,0.10483551025390625,0
769.3581852912903,0.9367957946777343,-0.13999999999998636,17.46173503173828,0.12009429931640625,0
769.361231803894,0.9323127624511718,-0.13999999999998636,18.05361979736328,0.12009429931640625,0
769.3677990436554,0.9561073181152343,-0.12000000000000455,17.674443619384764,0.10483551025390625,0
769.3728623390198,0.9102424499511719,-0.10000000000002274,17.492562363281248,0.12772369384765625,0
769.3778672218323,0.8278236267089844,-0.08000000000004093,17.467900498046873,0.10483551025390625,0
769.3818717002869,0.7316108581542968,-0.08000000000004093,17.606623489990234,0.12009429931640625,0
769.3878257274628,0.6978156921386719,-0.03999999999996362,17.55113429321289,0.10483551025390625,0
769.3928081989288,0.7195411560058593,-0.01999999999998181,17.396997635498046,0.10483551025390625,0
769.3968977928162,0.7012641784667969,-0.15999999999996817,17.603540756835937,0.10483551025390625,0
769.4018943309784,0.7133338806152344,0.01999999999998181,17.646699020996092,0.10483551025390625,0
769.4069004058838,0.7481635925292969,0.05999999999994543,17.48947963012695,0.13535308837890625,0
769.4329195022583,0.8667915222167968,-0.05999999999994543,17.622037155761717,0.09720611572265625,0
769.4819874763489,0.8057533142089843,-0.05999999999994543,17.606623489990234,0.10483551025390625,0
769.4977798461914,0.7254035827636719,-0.12000000000000455,17.609706223144528,0.10483551025390625,0
769.5027856826782,0.6943672058105469,0.08000000000004093,17.652864487304686,0.09720611572265625,0
769.5077912807465,0.7005744812011718,-0.01999999999998181,17.504893295898437,0.10483551025390625,0
769.5128104686737,0.7671302673339844,-0.01999999999998181,18.525277969970702,0.13535308837890625,0
769.5177803039551,0.7647163269042968,-0.13999999999998636,17.711436417236325,0.13535308837890625,0
769.523149728775,0.7923042175292968,-0.12000000000000455,17.504893295898437,0.09720611572265625,0
769.540164232254,0.8705848571777344,-0.10000000000002274,17.492562363281248,0.09720611572265625,0
769.5731871128082,0.9716255065917968,-0.08000000000004093,17.495645096435545,0.12009429931640625,0
769.60023021698,1.0243873474121092,-0.01999999999998181,17.674443619384764,0.12772369384765625,0
769.604275226593,1.0088691589355467,0.01999999999998181,17.523389694824218,0.09720611572265625,0
769.6092844009399,1.0216285583496094,0.01999999999998181,17.37233577026367,0.10483551025390625,0
769.6132678985596,1.0454231140136718,-0.03999999999996362,17.625119888916014,0.12009429931640625,0
769.6177768707275,1.033698260498047,-0.03999999999996362,17.68677455200195,0.12772369384765625,0
769.6227827072144,1.0354225036621094,-0.03999999999996362,17.50181056274414,0.12772369384765625,0
769.6277394294739,1.0212837097167968,-0.03999999999996362,17.464817764892576,0.12009429931640625,0
769.6321260929108,0.9926612731933593,-0.01999999999998181,17.591209824218748,0.12009429931640625,0
769.6631462574005,0.9212776062011718,-0.01999999999998181,17.662112686767575,0.10483551025390625,0
769.6961674690247,0.7843726989746094,-0.01999999999998181,17.739181015624997,0.13535308837890625,0
769.7101769447327,0.8512733337402343,0.01999999999998181,17.42165950073242,0.12009429931640625,0
769.7147755622864,0.8409278747558594,-0.03999999999996362,17.591209824218748,0.12009429931640625,0
769.7180850505829,0.8409278747558594,0.0,17.683691818847656,0.12772369384765625,0
769.7230920791626,0.8667915222167968,0.0,17.495645096435545,0.10483551025390625,0
769.7277624607086,0.8847236511230469,0.01999999999998181,17.424742233886718,0.10483551025390625,0
769.7325921058655,0.9243812438964844,-0.12000000000000455,17.597375290527342,0.12009429931640625,0
769.7370712757111,0.9254157897949218,-0.10000000000002274,17.55113429321289,0.12772369384765625,0
769.7591876983643,1.0195594665527343,-0.05999999999994543,17.369253037109374,0.12009429931640625,0
769.7992913722992,1.1054267761230467,-0.05999999999994543,17.58812709106445,0.12009429931640625,0
769.8180885314941,1.092322528076172,0.0,17.67752635253906,0.13535308837890625,0
769.8221070766449,1.0657691833496092,-0.05999999999994543,17.486396896972654,0.12009429931640625,0
769.8282330036163,1.0554237243652342,-0.01999999999998181,18.37114131225586,0.12772369384765625,0
769.8333275318146,1.0378364440917969,0.0,17.625119888916014,0.12009429931640625,0
769.8383281230927,1.0333534118652343,-0.13999999999998636,17.504893295898437,0.12009429931640625,0
769.8423542976379,1.0040412780761718,-0.13999999999998636,17.378501236572262,0.12009429931640625,0
769.847336769104,0.9781776306152343,0.03999999999996362,17.594292557373045,0.12772369384765625,0
769.8688042163849,0.9374854919433593,-0.12000000000000455,17.683691818847656,0.10483551025390625,0
769.9048278331757,1.033698260498047,-0.08000000000004093,17.554217026367187,0.12009429931640625,0
769.9168591499329,1.075080096435547,-0.01999999999998181,17.62820262207031,0.09720611572265625,0
769.9201390743256,1.0909431335449218,-0.08000000000004093,17.591209824218748,0.10483551025390625,0
769.924179315567,1.1019782897949217,-0.03999999999996362,17.52030696166992,0.12009429931640625,0
769.9281811714172,1.0905982849121094,-0.03999999999996362,18.315652115478514,0.12772369384765625,0
769.9328591823578,1.099219500732422,-0.03999999999996362,17.634368088378903,0.09720611572265625,0
769.9371817111969,1.1150825378417968,-0.01999999999998181,17.585044357910153,0.09720611572265625,0
769.9411873817444,1.1123237487792967,0.0,17.50797602905273,0.10483551025390625,0
769.9461801052094,1.1168067810058593,0.0,17.773091080322263,0.09720611572265625,0
769.9511868953705,1.0974952575683594,0.0,17.72685008300781,0.10483551025390625,0
769.9572403430939,1.1033576843261719,0.01999999999998181,17.50181056274414,0.10483551025390625,0
769.987263917923,1.0188697692871094,0.01999999999998181,17.566547958984373,0.12009429931640625,0
770.037294626236,0.8812751647949219,0.03999999999996362,17.563465225830075,0.12772369384765625,0
770.0553061962128,0.9178291198730468,-0.03999999999996362,17.514141495361326,0.08957672119140625,0
770.0593211650848,0.9261054870605469,0.08000000000004093,17.384666702880857,0.10483551025390625,0
770.0632848739624,0.9378303405761719,-0.01999999999998181,17.652864487304686,0.09720611572265625,0
770.0677721500397,0.9640388366699219,-0.01999999999998181,17.70835368408203,0.09720611572265625,0
770.0880973339081,1.040595233154297,-0.01999999999998181,17.51105876220703,0.12772369384765625,0
770.1271631717682,1.085425555419922,-0.01999999999998181,17.50181056274414,0.12009429931640625,0
770.1451630592346,1.1047370788574218,0.05999999999994543,18.420465042724608,0.13535308837890625,0
770.149172782898,1.0861152526855469,-0.01999999999998181,17.58196162475586,0.13535308837890625,0
770.1535058021545,1.0988746520996093,0.01999999999998181,17.58196162475586,0.09720611572265625,0
770.1575081348419,1.1105995056152342,0.01999999999998181,17.47098323120117,0.12009429931640625,0
770.1622889041901,1.068183123779297,0.01999999999998181,18.46670604003906,0.12009429931640625,0
770.1673066616058,1.0730110046386718,-0.13999999999998636,17.674443619384764,0.10483551025390625,0
770.1727719306946,1.0188697692871094,-0.08000000000004093,17.48947963012695,0.10483551025390625,0
770.1927709579468,0.6940223571777343,-0.08000000000004093,17.387749436035154,0.10483551025390625,0
770.2332057952881,0.9457618591308593,-0.05999999999994543,17.609706223144528,0.10483551025390625,0
770.244252204895,0.9657630798339844,0.0,18.445126907958983,0.10483551025390625,0
770.2482054233551,0.9847297546386719,-0.10000000000002274,17.594292557373045,0.09720611572265625,0
770.2528502941132,0.9571418640136719,-0.03999999999996362,17.643616287841795,0.12009429931640625,0
770.2571732997894,0.9167945739746093,-0.03999999999996362,17.48947963012695,0.10483551025390625,0
770.2621819972992,0.9085182067871094,-0.01999999999998181,18.488285172119138,0.09720611572265625,0
770.2678272724152,0.8829994079589844,-0.15999999999996817,17.692940018310544,0.10483551025390625,0
770.2719168663025,0.8143745300292968,0.0,17.514141495361326,0.10483551025390625,0
770.277850151062,0.8043739196777343,0.01999999999998181,17.544968826904295,0.10483551025390625,0
770.282256603241,0.7398872253417969,0.01999999999998181,17.609706223144528,0.09720611572265625,0
770.2952959537506,0.6257423278808594,-0.10000000000002274,18.71332469238281,0.10483551025390625,0
770.3197619915009,0.7098853942871094,-0.08000000000004093,17.606623489990234,0.10483551025390625,0
770.332769870758,0.7664405700683593,-0.01999999999998181,17.597375290527342,0.10483551025390625,0
770.3373279571533,0.8402381774902343,0.05999999999994543,17.560382492675778,0.10483551025390625,0
770.3423380851746,0.7981666442871094,-0.05999999999994543,17.38158396972656,0.12009429931640625,0
770.3477764129639,0.8364448425292969,-0.03999999999996362,17.594292557373045,0.12009429931640625,0
770.3523714542389,0.8778266784667969,-0.03999999999996362,17.643616287841795,0.10483551025390625,0
770.3578150272369,0.8698951599121093,-0.01999999999998181,17.467900498046873,0.09720611572265625,0
770.3623359203339,0.9009315368652343,-0.01999999999998181,18.423547775878905,0.10483551025390625,0
770.3671674728394,0.9085182067871094,-0.01999999999998181,17.689857285156247,0.10483551025390625,0
770.3720510005951,0.9281745788574218,-0.01999999999998181,17.50181056274414,0.12772369384765625,0
770.3777697086334,0.9281745788574218,0.0,17.43090770019531,0.12772369384765625,0
770.3825485706329,0.9109321472167968,-0.13999999999998636,17.594292557373045,0.10483551025390625,0
770.3875522613525,0.8626533386230468,0.01999999999998181,17.544968826904295,0.13535308837890625,0
770.3925533294678,0.8950691101074219,0.01999999999998181,17.378501236572262,0.10483551025390625,0
770.4205782413483,0.8012702819824219,0.01999999999998181,17.566547958984373,0.12009429931640625,0
770.4758183956146,0.8043739196777343,-0.08000000000004093,17.400080368652343,0.12009429931640625,0
770.4926135540009,0.9030006286621093,0.0,17.38158396972656,0.12772369384765625,0
770.4977598190308,0.9212776062011718,-0.12000000000000455,17.58196162475586,0.13535308837890625,0
770.5027611255646,0.8967933532714844,-0.05999999999994543,17.625119888916014,0.09720611572265625,0
770.5218214988708,0.9867988464355468,-0.03999999999996362,17.50797602905273,0.09720611572265625,0
770.5581610202789,0.9930061218261719,-0.03999999999996362,17.446321365966796,0.12772369384765625,0
770.5731709003448,0.9464515563964844,0.0,17.48023143066406,0.12009429931640625,0
770.5778474807739,0.9505897399902343,-0.08000000000004093,17.47098323120117,0.12009429931640625,0
770.582195520401,0.9233466979980468,-0.08000000000004093,17.594292557373045,0.10483551025390625,0
770.5862994194031,0.8374793884277344,-0.05999999999994543,17.597375290527342,0.10483551025390625,0
770.5922954082489,0.8198921081542968,-0.03999999999996362,17.36308757080078,0.12772369384765625,0
770.5971648693085,0.8295478698730469,-0.01999999999998181,17.575796158447265,0.13535308837890625,0
770.602171421051,0.8257545349121094,-0.01999999999998181,17.615871689453122,0.10483551025390625,0
770.6071741580963,0.7826484558105469,-0.01999999999998181,17.47098323120117,0.12772369384765625,0
770.6121759414673,0.7529914733886719,-0.01999999999998181,18.07211619628906,0.10483551025390625,0
770.6471984386444,0.8743781921386719,-0.13999999999998636,17.566547958984373,0.12009429931640625,0
770.6762094497681,1.0219734069824218,-0.13999999999998636,17.350756638183594,0.13535308837890625,0
770.6982100009918,1.0399055358886717,-0.01999999999998181,17.55113429321289,0.12772369384765625,0
770.7022097110748,1.0347328063964842,-0.05999999999994543,17.594292557373045,0.10483551025390625,0
770.7082672119141,0.9892127868652343,-0.05999999999994543,17.40932856811523,0.10483551025390625,0
770.7122342586517,0.9305885192871093,-0.12000000000000455,17.988882401123046,0.12772369384765625,0
770.7173907756805,0.8961036560058593,-0.08000000000004093,17.674443619384764,0.12009429931640625,0
770.7221083641052,0.8843788024902344,-0.05999999999994543,17.47098323120117,0.10483551025390625,0
770.7527601718903,0.9081733581542968,-0.03999999999996362,17.612788956298825,0.12772369384765625,0
770.808803319931,1.0347328063964842,-0.03999999999996362,17.418576767578124,0.12009429931640625,0
770.8268134593964,0.9543830749511718,-0.03999999999996362,17.338425705566404,0.13535308837890625,0
770.8309144973755,0.9392097351074218,0.01999999999998181,17.529555161132812,0.12772369384765625,0
770.850928068161,0.9343818542480469,0.08000000000004093,17.591209824218748,0.15061187744140625,0
770.8880496025085,1.0147315856933592,0.08000000000004093,17.427824967041015,0.12772369384765625,0
770.9000625610352,1.0633552429199218,-0.15999999999996817,17.58196162475586,0.12772369384765625,0
770.9040620326996,1.0885291931152343,-0.03999999999996362,17.4401558996582,0.12772369384765625,0
770.9078500270844,1.1057716247558593,-0.01999999999998181,17.406245834960934,0.14298248291015625,0
770.9121747016907,1.1078407165527344,-0.01999999999998181,18.22008738769531,0.12772369384765625,0
770.9161801338196,1.1433601257324217,0.0,17.526472427978515,0.12772369384765625,0
770.9228692054749,1.1040473815917968,0.0,17.43090770019531,0.14298248291015625,0
770.9269428253174,1.2302619812011717,-0.13999999999998636,17.396997635498046,0.12009429931640625,0
770.9321489334106,1.1288764831542968,0.03999999999996362,17.532637894287106,0.12772369384765625,0
770.9371464252472,1.1126685974121093,-0.10000000000002274,17.474065964355468,0.12009429931640625,0
770.9541578292847,1.2592292663574218,-0.10000000000002274,17.46173503173828,0.14298248291015625,0
771.0121877193451,1.0133521911621093,-0.05999999999994543,18.26941111816406,0.15061187744140625,0
771.0292232036591,0.9609351989746093,-0.01999999999998181,17.92414500488281,0.14298248291015625,0
771.033145904541,1.1192207214355467,0.0,17.544968826904295,0.12772369384765625,0
771.0372047424316,1.1274970886230469,0.0,17.467900498046873,0.10483551025390625,0
771.0411295890808,1.095771014404297,0.05999999999994543,17.396997635498046,0.12772369384765625,0
771.0471789836884,1.1378425476074219,-0.05999999999994543,17.504893295898437,0.12772369384765625,0
771.0521838665009,1.1519813415527342,-0.03999999999996362,17.572713425292967,0.14298248291015625,0
771.0742032527924,1.0795631286621092,-0.03999999999996362,17.427824967041015,0.10483551025390625,0
771.132310628891,0.7605781433105469,-0.03999999999996362,17.591209824218748,0.09720611572265625,0
771.1497633457184,0.8054084655761719,-0.12000000000000455,17.603540756835937,0.12009429931640625,0
771.1531295776367,0.8112708923339843,-0.08000000000004093,17.591209824218748,0.10483551025390625,0
771.1577627658844,0.7774757263183594,-0.08000000000004093,17.50181056274414,0.12772369384765625,0
771.1772134304047,0.9016212341308594,-0.03999999999996362,17.50797602905273,0.12009429931640625,0
771.2152364253998,0.9164497253417968,-0.01999999999998181,17.606623489990234,0.12009429931640625,0
771.2332882881165,0.9198982116699218,-0.10000000000002274,17.6374508215332,0.12772369384765625,0
771.2372550964355,0.8805854675292968,-0.13999999999998636,17.560382492675778,0.10483551025390625,0
771.2427470684052,0.8764472839355468,-0.13999999999998636,17.39083216918945,0.12009429931640625,0
771.2477464675903,0.8195472595214843,-0.05999999999994543,17.606623489990234,0.12009429931640625,0
771.2521359920502,0.7643714782714843,-0.03999999999996362,17.652864487304686,0.10483551025390625,0
771.2573890686035,0.7412666198730469,-0.01999999999998181,17.495645096435545,0.09720611572265625,0
771.2627506256104,0.7602332946777344,-0.01999999999998181,18.01662699951172,0.12009429931640625,0
771.2677531242371,0.8036842224121094,-0.01999999999998181,17.69910548461914,0.09720611572265625,0
771.2877497673035,0.8167884704589844,-0.01999999999998181,17.56963069213867,0.10483551025390625,0
771.3187696933746,0.9550727722167969,-0.13999999999998636,17.69602275146484,0.12009429931640625,0
771.3307783603668,0.9964546081542969,-0.03999999999996362,17.591209824218748,0.12009429931640625,0
771.3328475952148,1.0099037048339843,0.03999999999996362,17.615871689453122,0.12009429931640625,0
771.3368628025055,1.0147315856933592,0.03999999999996362,17.560382492675778,0.10483551025390625,0
771.3418288230896,1.0130073425292967,-0.05999999999994543,17.396997635498046,0.13535308837890625,0
771.3477487564087,1.0168006774902343,-0.03999999999996362,17.58196162475586,0.10483551025390625,0
771.352753162384,0.9992133972167968,-0.01999999999998181,17.64978175415039,0.13535308837890625,0
771.3577566146851,0.9719703552246093,0.0,17.486396896972654,0.12772369384765625,0
771.3627598285675,0.9219673034667968,0.0,17.998130600585935,0.10483551025390625,0
771.36767745018,0.8692054626464844,-0.12000000000000455,17.705270950927734,0.12772369384765625,0
771.3728442192078,0.8157539245605469,-0.10000000000002274,17.514141495361326,0.08957672119140625,0
771.3771750926971,0.7574745056152343,-0.08000000000004093,17.514141495361326,0.12009429931640625,0
771.3961791992188,0.7543708679199218,-0.05999999999994543,17.643616287841795,0.12009429931640625,0
771.4392235279083,0.9974891540527343,-0.20000000000004547,17.495645096435545,0.12009429931640625,0
771.4531908035278,0.9257606384277344,-0.12000000000000455,17.591209824218748,0.10483551025390625,0
771.4571990966797,0.8802406188964843,-0.03999999999996362,17.486396896972654,0.09720611572265625,0
771.4627888202667,0.7964424011230469,0.01999999999998181,17.9364759375,0.09720611572265625,0
771.4672317504883,0.7523017761230468,-0.10000000000002274,17.70835368408203,0.10483551025390625,0
771.4722690582275,0.7929939147949219,-0.08000000000004093,17.50797602905273,0.08957672119140625,0
771.477765083313,0.8140296813964844,-0.03999999999996362,17.585044357910153,0.10483551025390625,0
771.4822187423706,0.8047187683105469,-0.03999999999996362,17.615871689453122,0.12772369384765625,0
771.4872233867645,0.8712745544433593,-0.13999999999998636,17.560382492675778,0.10483551025390625,0
771.5072383880615,0.9771430847167968,-0.12000000000000455,17.52030696166992,0.12009429931640625,0
771.5372524261475,0.7247138854980468,-0.08000000000004093,17.575796158447265,0.10483551025390625,0
771.5478444099426,0.8540321228027343,-0.13999999999998636,17.609706223144528,0.10483551025390625,0
771.5512244701385,0.8643775817871093,-0.08000000000004093,17.70835368408203,0.10483551025390625,0
771.5563185214996,0.9202430603027343,-0.17999999999994998,17.523389694824218,0.09720611572265625,0
771.5623369216919,0.9812812683105469,-0.17999999999994998,18.121439926757812,0.12772369384765625,0
771.5671164989471,1.0212837097167968,0.0,17.711436417236325,0.09720611572265625,0
771.5721225738525,1.0312843200683592,-0.05999999999994543,17.523389694824218,0.10483551025390625,0
771.5777585506439,1.054389178466797,-0.03999999999996362,17.486396896972654,0.12009429931640625,0
771.5826268196106,1.0712867614746093,0.0,17.606623489990234,0.10483551025390625,0
771.5876822471619,1.0123176452636717,-0.12000000000000455,17.563465225830075,0.10483551025390625,0
771.592732667923,0.8447212097167969,-0.08000000000004093,17.39083216918945,0.09720611572265625,0
771.5987882614136,0.7674751159667969,-0.20000000000004547,17.606623489990234,0.10483551025390625,0
771.6298086643219,1.0505958435058593,-0.10000000000002274,17.723767349853514,0.12772369384765625,0
771.6817574501038,0.9443824645996093,-0.10000000000002274,17.597375290527342,0.12772369384765625,0
771.6987574100494,0.9343818542480469,-0.01999999999998181,17.585044357910153,0.10483551025390625,0
771.7027494907379,0.8992072937011718,0.05999999999994543,17.652864487304686,0.10483551025390625,0
771.7077007293701,0.8798957702636718,-0.15999999999996817,17.483314163818356,0.09720611572265625,0
771.7367496490479,0.8147193786621093,-0.12000000000000455,17.606623489990234,0.10483551025390625,0
771.7677595615387,1.0240424987792969,-0.10000000000002274,17.705270950927734,0.10483551025390625,0
771.7817711830139,1.0285255310058594,-0.05999999999994543,17.575796158447265,0.10483551025390625,0
771.7857656478882,1.0505958435058593,-0.08000000000004093,17.646699020996092,0.12772369384765625,0
771.7897758483887,1.0478370544433593,-0.03999999999996362,17.495645096435545,0.12772369384765625,0
771.7941794395447,1.0005927917480468,-0.01999999999998181,18.201590988769528,0.10483551025390625,0
771.7981870174408,0.9781776306152343,-0.01999999999998181,17.58196162475586,0.10483551025390625,0
771.8021864891052,0.9461067077636718,-0.15999999999996817,17.62820262207031,0.12772369384765625,0
771.806756734848,0.9392097351074218,-0.15999999999996817,17.48947963012695,0.12009429931640625,0
771.8122270107269,0.9288642761230468,0.0,18.167680924072265,0.10483551025390625,0
771.8162348270416,0.8926551696777343,0.01999999999998181,17.594292557373045,0.12772369384765625,0
771.8452699184418,0.8547218200683593,-0.12000000000000455,18.383472244873044,0.12772369384765625,0
771.8767559528351,1.0399055358886717,-0.12000000000000455,17.360004837646482,0.10483551025390625,0
771.886748790741,1.0812873718261717,0.0,17.572713425292967,0.10483551025390625,0
771.890305519104,1.092322528076172,-0.01999999999998181,17.449404099121093,0.12772369384765625,0
771.8947522640228,1.095771014404297,0.01999999999998181,18.250914719238278,0.10483551025390625,0
771.8982191085815,1.1161170837402343,-0.12000000000000455,17.554217026367187,0.12772369384765625,0
771.9026346206665,1.1068061706542969,-0.10000000000002274,17.603540756835937,0.12772369384765625,0
771.907318353653,1.0712867614746093,-0.10000000000002274,17.464817764892576,0.10483551025390625,0
771.9122660160065,1.0385261413574218,-0.05999999999994543,18.010461533203124,0.12009429931640625,0
771.9173009395599,1.0109382507324218,-0.03999999999996362,17.671360886230467,0.14298248291015625,0
771.9228394031525,0.9464515563964844,-0.03999999999996362,17.474065964355468,0.12009429931640625,0
771.9272463321686,0.8716194030761718,-0.01999999999998181,17.71760188354492,0.12772369384765625,0
771.9502565860748,0.9074836608886718,-0.01999999999998181,17.671360886230467,0.12009429931640625,0
772.0067548751831,0.8502387878417969,-0.01999999999998181,17.46173503173828,0.13535308837890625,0
772.0232012271881,0.8898963806152344,-0.01999999999998181,17.446321365966796,0.10483551025390625,0
772.0277547836304,0.9123115417480469,-0.17999999999994998,17.50181056274414,0.12772369384765625,0
772.0317707061768,0.9578315612792968,-0.08000000000004093,17.535720627441403,0.12772369384765625,0
772.0601091384888,1.2309516784667969,-0.05999999999994543,17.350756638183594,0.14298248291015625,0
772.0911357402802,1.0333534118652343,-0.03999999999996362,17.400080368652343,0.13535308837890625,0
772.1056878566742,1.0657691833496092,-0.03999999999996362,17.424742233886718,0.13535308837890625,0
772.1091449260712,1.0157661315917967,-0.03999999999996362,17.304515640869138,0.12009429931640625,0
772.1131412982941,1.050940692138672,-0.13999999999998636,17.575796158447265,0.12772369384765625,0
772.1171431541443,1.1192207214355467,-0.13999999999998636,17.615871689453122,0.13535308837890625,0
772.1221520900726,1.1550849792480469,0.03999999999996362,17.427824967041015,0.12772369384765625,0
772.127742767334,1.1640510437011717,-0.05999999999994543,17.575796158447265,0.12009429931640625,0
772.1330738067627,1.2109504577636718,-0.03999999999996362,17.560382492675778,0.12772369384765625,0
772.1370751857758,1.1909492370605468,-0.01999999999998181,17.474065964355468,0.12009429931640625,0
772.1427531242371,1.2523322937011718,-0.01999999999998181,17.298350174560547,0.14298248291015625,0
772.1711237430573,1.0078346130371092,-0.15999999999996817,17.50797602905273,0.10483551025390625,0
772.2031207084656,1.0288703796386718,-0.10000000000002274,17.58812709106445,0.09720611572265625,0
772.2221357822418,1.0916328308105467,0.03999999999996362,17.52030696166992,0.12772369384765625,0
772.2261407375336,1.140601336669922,-0.10000000000002274,17.403163101806637,0.09720611572265625,0
772.2311449050903,1.1719825622558593,-0.10000000000002274,17.597375290527342,0.12009429931640625,0
772.2351522445679,1.1071510192871092,0.0,17.66827815307617,0.10483551025390625,0
772.2391877174377,1.0933570739746092,-0.13999999999998636,17.514141495361326,0.12009429931640625,0
772.2447910308838,1.1364631530761717,-0.13999999999998636,18.204673721923825,0.09720611572265625,0
772.2481830120087,1.1409461853027343,0.03999999999996362,17.609706223144528,0.10483551025390625,0
772.2526688575745,1.0516303894042969,-0.08000000000004093,17.646699020996092,0.10483551025390625,0
772.2577483654022,0.9367957946777343,-0.05999999999994543,17.50181056274414,0.12009429931640625,0
772.2877643108368,1.0033515808105469,-0.05999999999994543,17.563465225830075,0.12009429931640625,0
772.3301117420197,1.1499122497558594,-0.01999999999998181,17.606623489990234,0.12009429931640625,0
772.3431234359741,0.8547218200683593,-0.01999999999998181,17.427824967041015,0.12009429931640625,0
772.3478307723999,0.7878211853027344,0.01999999999998181,17.606623489990234,0.10483551025390625,0
772.3528289794922,0.8198921081542968,-0.05999999999994543,17.652864487304686,0.12009429931640625,0
772.357830286026,0.8723091003417969,-0.05999999999994543,17.48947963012695,0.10483551025390625,0
772.3628363609314,0.8857581970214843,-0.15999999999996817,18.3279830480957,0.10483551025390625,0
772.3808913230896,1.0081794616699218,-0.12000000000000455,17.591209824218748,0.13535308837890625,0
772.4018998146057,1.0968055603027342,-0.10000000000002274,17.643616287841795,0.12009429931640625,0
772.412103176117,1.0354225036621094,-0.15999999999996817,18.11219172729492,0.10483551025390625,0
772.417108297348,0.9536933776855469,-0.03999999999996362,17.69602275146484,0.10483551025390625,0
772.4221756458282,0.9123115417480469,0.0,17.50797602905273,0.12772369384765625,0
772.4277558326721,0.9092079040527343,-0.13999999999998636,17.544968826904295,0.14298248291015625,0
772.4311056137085,0.8967933532714844,0.03999999999996362,17.594292557373045,0.12772369384765625,0
772.4371123313904,0.8888618347167968,0.03999999999996362,17.55113429321289,0.12772369384765625,0
772.4421184062958,0.9243812438964844,-0.08000000000004093,17.39083216918945,0.08194732666015625,0
772.4477508068085,0.9357612487792968,-0.20000000000004547,17.597375290527342,0.10483551025390625,0
772.4527757167816,0.9640388366699219,-0.20000000000004547,17.634368088378903,0.12009429931640625,0
772.4578499794006,1.0068000671386719,-0.01999999999998181,17.486396896972654,0.09720611572265625,0
772.4627506732941,1.0102485534667969,0.03999999999996362,17.991965134277343,0.12009429931640625,0
772.4677572250366,1.0364570495605467,-0.10000000000002274,17.714519150390622,0.12009429931640625,0
772.4727609157562,1.0812873718261717,-0.10000000000002274,17.529555161132812,0.10483551025390625,0
772.4967503547668,0.9919715759277343,-0.03999999999996362,17.66827815307617,0.10483551025390625,0
772.5412664413452,0.7943733093261719,-0.03999999999996362,17.48947963012695,0.10483551025390625,0
772.5538620948792,0.8478248474121093,-0.10000000000002274,17.535720627441403,0.12772369384765625,0
772.5577495098114,0.8802406188964843,0.08000000000004093,17.486396896972654,0.10483551025390625,0
772.5622906684875,0.9347267028808594,0.08000000000004093,18.201590988769528,0.09720611572265625,0
772.5672881603241,0.9367957946777343,-0.01999999999998181,17.69910548461914,0.12009429931640625,0
772.5722923278809,0.9471412536621093,0.0,17.514141495361326,0.10483551025390625,0
772.5773003101349,0.9961097595214843,0.01999999999998181,17.785422012939453,0.12009429931640625,0
772.5821847915649,1.0102485534667969,-0.12000000000000455,17.606623489990234,0.10483551025390625,0
772.5961468219757,1.0423194763183594,-0.10000000000002274,17.72685008300781,0.10483551025390625,0
772.6202402114868,1.026801287841797,-0.10000000000002274,17.563465225830075,0.12009429931640625,0
772.6333277225494,0.8871375915527343,-0.03999999999996362,17.643616287841795,0.12009429931640625,0
772.6373355388641,0.9188636657714844,0.0,17.532637894287106,0.12009429931640625,0
772.6424090862274,0.9605903503417969,0.01999999999998181,17.369253037109374,0.12009429931640625,0
772.6478335857391,0.9081733581542968,0.01999999999998181,17.575796158447265,0.10483551025390625,0
772.6527152061462,0.8823097106933593,-0.12000000000000455,17.603540756835937,0.08194732666015625,0
772.657196521759,0.8912757751464844,-0.10000000000002274,17.46173503173828,0.12772369384765625,0
772.6627643108368,0.8616187927246093,-0.10000000000002274,18.2293355871582,0.12772369384765625,0
772.6674134731293,0.8078224060058593,0.08000000000004093,17.689857285156247,0.10483551025390625,0
772.6722021102905,0.8005805847167968,-0.05999999999994543,17.486396896972654,0.12772369384765625,0
772.6772899627686,0.7947181579589844,0.10000000000002274,17.711436417236325,0.10483551025390625,0
772.6822912693024,0.7557502624511718,0.10000000000002274,17.603540756835937,0.10483551025390625,0
772.6872990131378,0.7605781433105469,-0.01999999999998181,17.529555161132812,0.14298248291015625,0
772.7065463066101,0.8343757507324219,-0.01999999999998181,17.486396896972654,0.12009429931640625,0
772.7264618873596,0.9233466979980468,0.0,17.39083216918945,0.12009429931640625,0
772.7367405891418,0.9964546081542969,0.05999999999994543,17.603540756835937,0.12772369384765625,0
772.7404341697693,0.9964546081542969,-0.01999999999998181,17.495645096435545,0.10483551025390625,0
772.7444372177124,1.0057655212402343,-0.15999999999996817,18.472871506347655,0.12772369384765625,0
772.7484307289124,1.0126624938964843,-0.13999999999998636,17.603540756835937,0.12009429931640625,0
772.7528305053711,1.026801287841797,-0.13999999999998636,17.63128535522461,0.08957672119140625,0
772.7577753067017,1.0488716003417968,-0.10000000000002274,17.483314163818356,0.10483551025390625,0
772.7632718086243,1.061286151123047,-0.08000000000004093,17.615871689453122,0.12009429931640625,0
772.7673652172089,0.9936958190917968,-0.05999999999994543,17.705270950927734,0.12009429931640625,0
772.7723729610443,0.9312782165527344,-0.05999999999994543,17.50797602905273,0.12009429931640625,0
772.7773778438568,0.9167945739746093,-0.03999999999996362,17.800835678710936,0.12009429931640625,0
772.7827825546265,0.8823097106933593,-0.01999999999998181,17.609706223144528,0.12772369384765625,0
772.787385225296,0.8129951354980468,0.0,17.55113429321289,0.12009429931640625,0
772.7927403450012,0.7988563415527343,-0.12000000000000455,17.396997635498046,0.12009429931640625,0
772.79838347435,0.7367835876464843,-0.10000000000002274,17.603540756835937,0.10483551025390625,0
772.8024001121521,0.7360938903808594,-0.10000000000002274,17.634368088378903,0.10483551025390625,0
772.8218283653259,0.9388648864746093,-0.03999999999996362,17.523389694824218,0.12009429931640625,0
772.8422949314117,1.0433540222167967,-0.01999999999998181,17.38158396972656,0.12009429931640625,0
772.852379322052,1.0692176696777342,-0.10000000000002274,17.62820262207031,0.12009429931640625,0
772.8578243255615,1.0788734313964843,-0.01999999999998181,17.483314163818356,0.09720611572265625,0
772.8628346920013,1.0464576599121094,0.01999999999998181,18.139936325683593,0.12009429931640625,0
772.8678336143494,1.0536994812011717,-0.12000000000000455,17.69602275146484,0.12772369384765625,0
772.8731772899628,1.0364570495605467,-0.10000000000002274,17.483314163818356,0.12009429931640625,0
772.8782389163971,1.0347328063964842,-0.08000000000004093,18.494450638427733,0.10483551025390625,0
772.8822386264801,1.0074897644042968,-0.05999999999994543,17.591209824218748,0.12009429931640625,0
772.8872504234314,0.9474861022949218,-0.05999999999994543,17.541886093749998,0.10483551025390625,0
772.8923449516296,0.9395545837402344,-0.03999999999996362,17.378501236572262,0.13535308837890625,0
772.8971612453461,0.9350715515136718,-0.01999999999998181,17.58196162475586,0.12009429931640625,0
772.9021775722504,0.9405891296386718,-0.01999999999998181,17.634368088378903,0.10483551025390625,0
772.9071781635284,0.9230018493652343,0.0,17.486396896972654,0.09720611572265625,0
772.9262247085571,0.9805915710449218,-0.13999999999998636,17.378501236572262,0.12772369384765625,0
772.9472439289093,1.0661140319824218,-0.12000000000000455,17.58812709106445,0.12009429931640625,0
772.9577791690826,1.1064613220214843,-0.03999999999996362,17.464817764892576,0.10483551025390625,0
772.9627780914307,1.1312904235839842,0.01999999999998181,17.998130600585935,0.12009429931640625,0
772.9677972793579,1.147498309326172,-0.12000000000000455,17.689857285156247,0.12009429931640625,0
772.97278881073,1.1585334655761719,-0.10000000000002274,17.492562363281248,0.12772369384765625,0
772.9772670269012,1.1795692321777342,-0.08000000000004093,17.606623489990234,0.12772369384765625,0
772.9822587966919,1.1899146911621092,-0.08000000000004093,17.591209824218748,0.12772369384765625,0
772.9872608184814,1.2019843933105467,-0.03999999999996362,17.544968826904295,0.12772369384765625,0
772.9922671318054,1.2023292419433593,-0.17999999999994998,17.369253037109374,0.10483551025390625,0
772.997686624527,1.2150886413574218,-0.01999999999998181,17.585044357910153,0.10483551025390625,0
773.0028324127197,1.2081916687011718,0.0,17.622037155761717,0.12009429931640625,0
773.0078237056732,1.1640510437011717,-0.15999999999996817,17.474065964355468,0.10483551025390625,0
773.0118396282196,1.1399116394042967,-0.15999999999996817,18.096778061523434,0.12009429931640625,0
773.0169687271118,1.1016334411621094,-0.12000000000000455,17.69602275146484,0.10483551025390625,0
773.0362045764923,1.0023170349121093,-0.10000000000002274,17.58812709106445,0.10483551025390625,0
773.0577402114868,1.1237037536621093,-0.05999999999994543,17.45248683227539,0.10483551025390625,0
773.0678322315216,1.2137092468261719,0.01999999999998181,17.674443619384764,0.13535308837890625,0
773.0711982250214,1.2006049987792968,-0.01999999999998181,17.48947963012695,0.12772369384765625,0
773.0772657394409,1.2057777282714843,0.01999999999998181,17.705270950927734,0.12009429931640625,0
773.0822644233704,1.2537116882324217,-0.10000000000002274,17.566547958984373,0.09720611572265625,0
773.0873198509216,1.1933631774902342,-0.05999999999994543,17.50181056274414,0.10483551025390625,0
773.0922267436981,1.0978401062011718,-0.03999999999996362,17.36308757080078,0.12009429931640625,0
773.0978353023529,1.0357673522949218,-0.01999999999998181,17.560382492675778,0.10483551025390625,0
773.1023247241974,0.9488654968261718,-0.01999999999998181,17.603540756835937,0.12009429931640625,0
773.107409954071,0.8467903015136719,-0.13999999999998636,17.464817764892576,0.12772369384765625,0
773.1127796173096,0.8302375671386718,-0.13999999999998636,18.315652115478514,0.12772369384765625,0
773.1177644729614,0.9092079040527343,-0.08000000000004093,17.67752635253906,0.12009429931640625,0
773.1219778060913,0.9540382263183593,-0.05999999999994543,17.48023143066406,0.12772369384765625,0
773.1269843578339,0.9595558044433593,-0.01999999999998181,17.958055069580077,0.12772369384765625,0
773.1417393684387,1.0581825134277343,-0.01999999999998181,17.446321365966796,0.10483551025390625,0
773.1653428077698,0.9871436950683593,-0.10000000000002274,17.56963069213867,0.12772369384765625,0
773.1773579120636,0.9047248718261718,-0.03999999999996362,17.89331767333984,0.10483551025390625,0
773.1822421550751,0.8923103210449218,-0.05999999999994543,17.55113429321289,0.14298248291015625,0
773.1872441768646,0.9367957946777343,-0.13999999999998636,17.48947963012695,0.12772369384765625,0
773.1923718452454,1.0064552185058593,-0.13999999999998636,17.316846573486327,0.14298248291015625,0
773.1977379322052,1.0447334167480469,-0.08000000000004093,17.523389694824218,0.15824127197265625,0
773.2024030685425,1.1523261901855468,-0.03999999999996362,17.554217026367187,0.13535308837890625,0
773.2076661586761,1.0423194763183594,-0.01999999999998181,17.418576767578124,0.12009429931640625,0
773.2128355503082,1.0985298034667967,-0.12000000000000455,18.059785263671873,0.10483551025390625,0
773.2182893753052,1.2364692565917967,-0.08000000000004093,17.609706223144528,0.10483551025390625,0
773.2222924232483,1.0554237243652342,-0.01999999999998181,17.446321365966796,0.14298248291015625,0
773.227401971817,1.0416297790527342,-0.01999999999998181,17.58196162475586,0.10483551025390625,0
773.2324666976929,1.1064613220214843,-0.13999999999998636,17.529555161132812,0.12009429931640625,0
773.237457036972,1.0768043395996094,-0.10000000000002274,17.47098323120117,0.13535308837890625,0
773.2427797317505,0.8388587829589843,-0.08000000000004093,17.326094772949215,0.13535308837890625,0
773.2556538581848,1.0585273620605469,-0.03999999999996362,17.43090770019531,0.15824127197265625,0
773.28173661232,1.1023231384277343,-0.03999999999996362,17.529555161132812,0.12772369384765625,0
773.2945837974548,1.0143867370605468,-0.08000000000004093,18.26016291870117,0.10483551025390625,0
773.2980720996857,0.9836952087402343,-0.08000000000004093,17.554217026367187,0.12772369384765625,0
773.3022313117981,0.9464515563964844,-0.01999999999998181,17.612788956298825,0.10483551025390625,0
773.3074374198914,0.8895515319824219,-0.01999999999998181,17.46173503173828,0.10483551025390625,0
773.312549829483,0.8212715026855468,-0.15999999999996817,18.217004654541014,0.10483551025390625,0
773.3178346157074,0.8105811950683594,-0.10000000000002274,17.692940018310544,0.08194732666015625,0
773.3230676651001,0.8357551452636719,-0.05999999999994543,17.48023143066406,0.12772369384765625,0
773.3279504776001,0.8009254333496093,-0.03999999999996362,18.494450638427733,0.12772369384765625,0
773.3320400714874,0.8781715270996093,-0.17999999999994998,17.591209824218748,0.12009429931640625,0
773.3381044864655,0.8957588073730468,-0.01999999999998181,17.51105876220703,0.12772369384765625,0
773.3427426815033,0.8578254577636718,0.03999999999996362,17.38158396972656,0.12009429931640625,0
773.3472845554352,0.9623145935058594,0.03999999999996362,17.597375290527342,0.12772369384765625,0
773.3607423305511,1.0240424987792969,-0.10000000000002274,17.42165950073242,0.12772369384765625,0
773.3853278160095,0.9785224792480468,-0.08000000000004093,17.665195419921872,0.12772369384765625,0
773.3984668254852,0.9578315612792968,-0.17999999999994998,17.609706223144528,0.10483551025390625,0
773.4019086360931,0.9702461120605468,-0.08000000000004093,17.646699020996092,0.10483551025390625,0
773.4069139957428,0.9505897399902343,-0.03999999999996362,17.48947963012695,0.12772369384765625,0
773.4124417304993,0.8919654724121093,-0.03999999999996362,18.139936325683593,0.10483551025390625,0
773.4170815944672,0.8440315124511718,-0.01999999999998181,17.714519150390622,0.10483551025390625,0
773.4232730865479,0.8454109069824218,-0.01999999999998181,17.50181056274414,0.12009429931640625,0
773.4276101589203,0.8554115173339844,-0.15999999999996817,17.862490341796875,0.12772369384765625,0
773.4337344169617,0.8343757507324219,-0.15999999999996817,17.665195419921872,0.10483551025390625,0
773.4377343654633,0.8071327087402344,-0.15999999999996817,17.563465225830075,0.12772369384765625,0
773.4428222179413,0.8643775817871093,0.0,17.387749436035154,0.12772369384765625,0
773.4477746486664,0.9147254821777343,-0.10000000000002274,17.597375290527342,0.12009429931640625,0
773.4527745246887,0.8950691101074219,-0.08000000000004093,17.634368088378903,0.10483551025390625,0
773.4677414894104,1.0095588562011717,-0.03999999999996362,17.723767349853514,0.10483551025390625,0
773.4932022094727,1.0999091979980469,-0.03999999999996362,17.41241130126953,0.10483551025390625,0
773.506284236908,1.1388770935058594,-0.12000000000000455,17.492562363281248,0.12009429931640625,0
773.5102925300598,1.1261176940917967,0.13999999999998636,17.449404099121093,0.10483551025390625,0
773.5142951011658,1.1664649841308594,0.01999999999998181,17.58196162475586,0.10483551025390625,0
773.5187358856201,1.1399116394042967,-0.10000000000002274,17.689857285156247,0.10483551025390625,0
773.5227355957031,1.1016334411621094,0.05999999999994543,17.51105876220703,0.10483551025390625,0
773.5281946659088,1.0678382751464843,0.05999999999994543,18.811972153320312,0.09720611572265625,0
773.5327849388123,1.0157661315917967,-0.05999999999994543,17.606623489990234,0.10483551025390625,0
773.5372068881989,0.9626594421386718,-0.03999999999996362,17.548051560058592,0.12772369384765625,0
773.5422165393829,0.9216224548339843,-0.01999999999998181,17.39083216918945,0.12009429931640625,0
773.547217130661,0.9185188171386718,-0.15999999999996817,17.594292557373045,0.13535308837890625,0
773.5527830123901,0.9588661071777344,-0.15999999999996817,17.615871689453122,0.10483551025390625,0
773.5577862262726,0.9630042907714843,-0.12000000000000455,17.504893295898437,0.12009429931640625,0
773.5627903938293,0.9712806579589843,-0.08000000000004093,18.30023844970703,0.12009429931640625,0
773.5812022686005,1.1295661804199217,-0.05999999999994543,17.591209824218748,0.12772369384765625,0
773.6017382144928,1.1999153015136719,-0.03999999999996362,17.69602275146484,0.10483551025390625,0
773.6117441654205,1.1357734558105468,-0.10000000000002274,18.364975845947264,0.12009429931640625,0
773.615752696991,1.1105995056152342,0.0,17.603540756835937,0.12009429931640625,0
773.6191556453705,1.0805976745605468,-0.10000000000002274,17.615871689453122,0.10483551025390625,0
773.6239948272705,1.0057655212402343,-0.10000000000002274,17.48023143066406,0.12772369384765625,0
773.6287341117859,0.9736945983886718,-0.08000000000004093,18.454375107421875,0.12009429931640625,0
773.6327834129333,0.9974891540527343,-0.03999999999996362,17.597375290527342,0.10483551025390625,0
773.6368646621704,1.0374915954589843,-0.15999999999996817,17.55113429321289,0.10483551025390625,0
773.6428642272949,1.0326637145996094,-0.15999999999996817,17.378501236572262,0.10483551025390625,0
773.6476504802704,1.068183123779297,-0.10000000000002274,17.597375290527342,0.12009429931640625,0
773.6527450084686,1.113013446044922,-0.08000000000004093,17.634368088378903,0.12009429931640625,0
773.6576590538025,1.1081855651855468,-0.05999999999994543,17.495645096435545,0.12009429931640625,0
773.6628353595734,1.1271522399902343,-0.03999999999996362,18.08444712890625,0.10483551025390625,0
773.6673009395599,1.1488777038574218,-0.17999999999994998,17.723767349853514,0.12772369384765625,0
773.672735452652,1.1633613464355468,-0.17999999999994998,17.514141495361326,0.08957672119140625,0
773.6773416996002,1.1464637634277344,-0.13999999999998636,17.646699020996092,0.10483551025390625,0
773.6900992393494,1.1171516296386719,-0.12000000000000455,17.514141495361326,0.10483551025390625,0
773.7144629955292,0.8985175964355469,-0.10000000000002274,17.625119888916014,0.12009429931640625,0
773.7267408370972,0.7636817810058594,-0.05999999999994543,17.424742233886718,0.10483551025390625,0
773.7307689189911,0.7657508728027344,0.0,17.625119888916014,0.12009429931640625,0
773.7341039180756,0.7978217956542969,-0.08000000000004093,17.72685008300781,0.10483551025390625,0
773.7384979724884,0.8147193786621093,0.08000000000004093,17.529555161132812,0.10483551025390625,0
773.743504524231,0.8278236267089844,0.08000000000004093,17.433990433349607,0.10483551025390625,0
773.7470388412476,0.8240302917480469,-0.05999999999994543,17.609706223144528,0.10483551025390625,0
773.7520480155945,0.8647224304199218,-0.01999999999998181,17.646699020996092,0.10483551025390625,0
773.7577390670776,0.9016212341308594,-0.01999999999998181,17.495645096435545,0.12009429931640625,0
773.7635078430176,0.9264503356933593,-0.12000000000000455,17.63128535522461,0.09720611572265625,0
773.7670249938965,0.9198982116699218,-0.12000000000000455,17.714519150390622,0.10483551025390625,0
773.7728548049927,0.9292091247558594,-0.10000000000002274,17.514141495361326,0.13535308837890625,0
773.7770781517029,0.9871436950683593,-0.08000000000004093,18.173846390380856,0.10483551025390625,0
773.7832005023956,0.9919715759277343,-0.05999999999994543,17.64978175415039,0.12772369384765625,0
773.7968239784241,1.026801287841797,-0.03999999999996362,17.67752635253906,0.12009429931640625,0
773.8201403617859,1.0033515808105469,-0.01999999999998181,17.572713425292967,0.12772369384765625,0
773.8327713012695,0.9423133728027343,0.0,17.594292557373045,0.09720611572265625,0
773.8381547927856,0.9398994323730469,-0.05999999999994543,17.51105876220703,0.12009429931640625,0
773.8421595096588,0.9098976013183593,-0.01999999999998181,17.369253037109374,0.09720611572265625,0
773.8481662273407,0.8512733337402343,-0.01999999999998181,17.58196162475586,0.12009429931640625,0
773.8531663417816,0.8016151306152344,0.01999999999998181,17.560382492675778,0.12009429931640625,0
773.8577768802643,0.7988563415527343,0.01999999999998181,17.483314163818356,0.12009429931640625,0
773.8627679347992,0.8340309020996094,0.03999999999996362,18.096778061523434,0.12009429931640625,0
773.8677852153778,0.8185127136230469,-0.10000000000002274,17.705270950927734,0.12772369384765625,0
773.8727359771729,0.8171333190917969,-0.08000000000004093,17.492562363281248,0.09720611572265625,0
773.8771166801453,0.8454109069824218,-0.05999999999994543,17.739181015624997,0.12009429931640625,0
773.882162809372,0.8681709167480468,-0.05999999999994543,17.594292557373045,0.12009429931640625,0
773.8873045444489,0.8416175720214844,-0.01999999999998181,17.535720627441403,0.10483551025390625,0
773.8923876285553,0.8912757751464844,-0.17999999999994998,17.378501236572262,0.08957672119140625,0
773.9118223190308,0.9485206481933594,0.0,18.038206131591796,0.13535308837890625,0
773.9311270713806,0.9971443054199218,0.0,17.603540756835937,0.10483551025390625,0
773.9411361217499,1.0005927917480468,-0.08000000000004093,17.486396896972654,0.12009429931640625,0
773.9451427459717,1.0050758239746094,-0.03999999999996362,18.05361979736328,0.12009429931640625,0
773.9491567611694,1.0005927917480468,0.0,17.606623489990234,0.08957672119140625,0
773.9541494846344,0.9926612731933593,0.01999999999998181,17.529555161132812,0.12772369384765625,0
773.9581549167633,0.9736945983886718,0.01999999999998181,17.45248683227539,0.12772369384765625,0
773.9631536006927,0.9195533630371093,-0.12000000000000455,17.609706223144528,0.09720611572265625,0
773.9681529998779,0.8464454528808594,0.05999999999994543,17.68677455200195,0.09720611572265625,0
773.9728653430939,0.7664405700683593,-0.05999999999994543,17.523389694824218,0.12009429931640625,0
773.978141784668,0.7319557067871093,-0.05999999999994543,18.426630509033203,0.10483551025390625,0
773.9832262992859,0.6885047790527343,-0.03999999999996362,17.665195419921872,0.10483551025390625,0
773.9871733188629,0.6326393005371094,-0.15999999999996817,17.55113429321289,0.10483551025390625,0
773.9922020435333,0.7081611511230469,0.01999999999998181,17.387749436035154,0.12772369384765625,0
773.9972364902496,0.7695442077636718,-0.12000000000000455,17.606623489990234,0.10483551025390625,0
774.0027794837952,0.7805793640136719,-0.12000000000000455,17.622037155761717,0.10483551025390625,0
774.0077674388885,0.8309272644042969,-0.05999999999994543,17.492562363281248,0.10483551025390625,0
774.0268239974976,0.9109321472167968,-0.03999999999996362,17.406245834960934,0.10483551025390625,0
774.0467503070831,0.7433357116699219,-0.01999999999998181,17.671360886230467,0.12009429931640625,0
774.0567977428436,0.7764411804199218,-0.03999999999996362,17.492562363281248,0.10483551025390625,0
774.060259103775,0.8181678649902343,0.08000000000004093,17.467900498046873,0.10483551025390625,0
774.0647737979889,0.8026496765136718,-0.03999999999996362,17.58812709106445,0.09720611572265625,0
774.0682470798492,0.7912696716308594,-0.15999999999996817,17.665195419921872,0.12772369384765625,0
774.0732126235962,0.8381690856933594,-0.15999999999996817,17.486396896972654,0.13535308837890625,0
774.0771205425262,0.8936897155761718,-0.12000000000000455,17.810083878173828,0.10483551025390625,0
774.0832676887512,0.9030006286621093,-0.08000000000004093,17.646699020996092,0.13535308837890625,0
774.087265253067,0.9098976013183593,0.08000000000004093,17.535720627441403,0.09720611572265625,0
774.0922911167145,0.9557624694824218,0.08000000000004093,17.369253037109374,0.12772369384765625,0
774.0974705219269,0.9943855163574218,-0.03999999999996362,17.58812709106445,0.12772369384765625,0
774.1028587818146,0.9967994567871094,-0.01999999999998181,17.625119888916014,0.10483551025390625,0
774.1077961921692,1.0219734069824218,-0.13999999999998636,17.474065964355468,0.12009429931640625,0
774.1123049259186,1.0533546325683594,-0.13999999999998636,18.09369532836914,0.10483551025390625,0
774.125786781311,1.0719764587402343,-0.13999999999998636,17.39083216918945,0.12009429931640625,0
774.1496846675873,1.0005927917480468,0.03999999999996362,17.594292557373045,0.12009429931640625,0
774.1627376079559,0.8733436462402343,-0.03999999999996362,17.9364759375,0.12772369384765625,0
774.1660940647125,0.8688606140136719,0.01999999999998181,17.597375290527342,0.12009429931640625,0
774.1701061725616,0.8926551696777343,0.08000000000004093,17.560382492675778,0.10483551025390625,0
774.1757237911224,0.9057594177246093,0.08000000000004093,17.38158396972656,0.12009429931640625,0
774.1791434288025,0.9009315368652343,-0.03999999999996362,17.69602275146484,0.12772369384765625,0
774.1831982135773,0.9147254821777343,-0.17999999999994998,17.625119888916014,0.09720611572265625,0
774.187203168869,0.9540382263183593,-0.17999999999994998,17.52030696166992,0.10483551025390625,0
774.1920683383942,0.9836952087402343,-0.15999999999996817,17.356922104492185,0.14298248291015625,0
774.1976420879364,0.9995582458496093,-0.12000000000000455,17.56963069213867,0.10483551025390625,0
774.2026813030243,1.0464576599121094,-0.08000000000004093,17.606623489990234,0.12772369384765625,0
774.2078268527985,1.092322528076172,-0.05999999999994543,17.449404099121093,0.10483551025390625,0
774.2128245830536,1.0874946472167968,-0.05999999999994543,17.81624934448242,0.13535308837890625,0
774.2180962562561,1.1495674011230468,-0.01999999999998181,17.643616287841795,0.10483551025390625,0
774.2231948375702,1.1799140808105468,0.0,17.474065964355468,0.12772369384765625,0
774.2367391586304,1.1557746765136718,-0.12000000000000455,17.575796158447265,0.12009429931640625,0
774.2608234882355,0.9588661071777344,-0.08000000000004093,17.40932856811523,0.12009429931640625,0
774.2718243598938,0.9974891540527343,-0.01999999999998181,17.474065964355468,0.12772369384765625,0
774.2777667045593,1.0033515808105469,-0.05999999999994543,17.819332077636716,0.10483551025390625,0
774.2832193374634,1.0016273376464844,-0.01999999999998181,17.63128535522461,0.12772369384765625,0
774.2871928215027,1.0350776550292968,0.0,17.504893295898437,0.12772369384765625,0
774.2927346229553,1.0654243347167969,0.01999999999998181,17.347673905029296,0.12009429931640625,0
774.2977488040924,1.0630103942871094,0.03999999999996362,17.560382492675778,0.13535308837890625,0
774.3027336597443,1.1071510192871092,0.03999999999996362,17.58812709106445,0.12009429931640625,0
774.3076205253601,1.1102546569824219,-0.05999999999994543,17.446321365966796,0.10483551025390625,0
774.3128204345703,1.1195655700683593,-0.05999999999994543,18.001213333740232,0.12772369384765625,0
774.3176825046539,1.1564643737792968,-0.03999999999996362,17.66827815307617,0.10483551025390625,0
774.322776556015,1.1664649841308594,-0.01999999999998181,17.464817764892576,0.10483551025390625,0
774.3287584781647,1.1674995300292967,-0.01999999999998181,18.235501053466795,0.12009429931640625,0
774.3428409099579,1.2012946960449218,-0.01999999999998181,17.344591171875,0.10483551025390625,0
774.3677368164062,1.1147376892089844,-0.01999999999998181,17.671360886230467,0.12772369384765625,0
774.3798248767853,1.037146746826172,-0.08000000000004093,17.69910548461914,0.12772369384765625,0
774.3831789493561,1.0319740173339844,-0.01999999999998181,17.594292557373045,0.12009429931640625,0
774.3871827125549,1.0723213073730469,0.03999999999996362,17.486396896972654,0.12009429931640625,0
774.391753911972,1.0795631286621092,0.03999999999996362,17.41241130126953,0.12772369384765625,0
774.3967986106873,1.0740455505371094,-0.10000000000002274,17.514141495361326,0.14298248291015625,0
774.4031512737274,1.1412910339355469,-0.05999999999994543,17.50181056274414,0.15061187744140625,0
774.4071671962738,1.1057716247558593,-0.03999999999996362,17.39083216918945,0.12772369384765625,0
774.4128224849701,1.1137031433105469,-0.01999999999998181,17.933393204345702,0.12772369384765625,0
774.4173474311829,1.1930183288574219,0.0,17.606623489990234,0.10483551025390625,0
774.4223463535309,1.1778449890136717,0.0,17.42165950073242,0.12009429931640625,0
774.427812576294,1.1971565124511718,0.01999999999998181,17.492562363281248,0.10483551025390625,0
774.433128118515,1.1988807556152343,-0.10000000000002274,17.575796158447265,0.14298248291015625,0
774.4381310939789,1.2275031921386719,0.08000000000004093,17.43090770019531,0.12772369384765625,0
774.4511394500732,1.2006049987792968,-0.05999999999994543,17.609706223144528,0.14298248291015625,0
774.4757041931152,1.2850929138183593,-0.05999999999994543,17.32301203979492,0.14298248291015625,0
774.4881632328033,1.2878517028808594,-0.17999999999994998,17.43090770019531,0.10483551025390625,0
774.4931795597076,1.3002662536621092,-0.01999999999998181,17.326094772949215,0.12009429931640625,0
774.4971423149109,1.3178535339355468,0.0,17.50181056274414,0.12772369384765625,0
774.5031116008759,1.3306129333496093,0.0,17.486396896972654,0.12009429931640625,0
774.5081043243408,1.2861274597167969,0.0,17.347673905029296,0.13535308837890625,0
774.5127654075623,1.3130256530761717,0.0,17.813166611328125,0.12009429931640625,0
774.5177781581879,1.3192329284667967,0.0,17.609706223144528,0.14298248291015625,0
774.5228233337402,1.3088874694824217,-0.13999999999998636,17.418576767578124,0.13535308837890625,0
774.5272331237793,1.3202674743652343,0.01999999999998181,17.773091080322263,0.14298248291015625,0
774.5328114032745,1.3333717224121093,0.01999999999998181,17.51105876220703,0.12772369384765625,0
774.5381112098694,1.2999214050292969,0.01999999999998181,17.43090770019531,0.12772369384765625,0
774.5431478023529,1.3371650573730467,0.01999999999998181,17.344591171875,0.14298248291015625,0
774.5481715202332,1.3030250427246093,0.01999999999998181,17.50797602905273,0.12009429931640625,0
774.561173915863,1.2981971618652344,-0.13999999999998636,18.07211619628906,0.14298248291015625,0
774.5861933231354,1.2712989685058593,-0.12000000000000455,17.51105876220703,0.15061187744140625,0
774.5991985797882,1.2612983581542967,0.05999999999994543,17.504893295898437,0.12009429931640625,0
774.6032133102417,1.2371589538574217,-0.05999999999994543,17.483314163818356,0.12009429931640625,0
774.6082253456116,1.1830177185058592,-0.05999999999994543,17.344591171875,0.12772369384765625,0
774.6122028827667,1.1306007263183593,-0.03999999999996362,18.02279246582031,0.14298248291015625,0
774.6177492141724,1.1402564880371093,-0.01999999999998181,17.615871689453122,0.10483551025390625,0
774.6232330799103,1.1202552673339843,-0.01999999999998181,17.41241130126953,0.09720611572265625,0
774.6272420883179,1.0726661560058592,-0.01999999999998181,17.739181015624997,0.12772369384765625,0
774.6324181556702,1.0547340270996093,-0.01999999999998181,17.535720627441403,0.12772369384765625,0
774.6374266147614,0.9992133972167968,0.0,17.474065964355468,0.12772369384765625,0
774.6426157951355,1.0099037048339843,-0.13999999999998636,17.310681107177732,0.12772369384765625,0
774.6476185321808,1.0040412780761718,-0.12000000000000455,17.50797602905273,0.12009429931640625,0
774.6523129940033,1.0243873474121092,0.03999999999996362,17.544968826904295,0.12772369384765625,0
774.6572406291962,1.0005927917480468,0.05999999999994543,17.39083216918945,0.12772369384765625,0
774.6627657413483,0.9723152038574219,0.05999999999994543,18.087529862060546,0.13535308837890625,0
774.675763130188,1.0616309997558593,-0.05999999999994543,17.310681107177732,0.13535308837890625,0
774.6990745067596,1.0164558288574217,-0.05999999999994543,17.526472427978515,0.14298248291015625,0
774.7113318443298,1.1609474060058593,-0.01999999999998181,18.2293355871582,0.12009429931640625,0
774.7157335281372,1.2088813659667967,-0.12000000000000455,17.526472427978515,0.12772369384765625,0
774.7191560268402,1.2202613708496093,-0.08000000000004093,17.523389694824218,0.12009429931640625,0
774.7234842777252,1.2371589538574217,-0.05999999999994543,17.41241130126953,0.12772369384765625,0
774.7274253368378,1.2657813903808592,-0.05999999999994543,17.62820262207031,0.10483551025390625,0
774.7328364849091,1.1326698181152344,-0.03999999999996362,17.55113429321289,0.12772369384765625,0
774.7382168769836,1.1157722351074217,-0.01999999999998181,17.48947963012695,0.10483551025390625,0
774.7421162128448,1.1133582946777343,0.0,17.356922104492185,0.10483551025390625,0
774.7481377124786,1.0495612976074218,-0.12000000000000455,17.566547958984373,0.10483551025390625,0
774.7521479129791,0.9805915710449218,-0.05999999999994543,17.597375290527342,0.10483551025390625,0
774.757230758667,0.9416236755371094,-0.05999999999994543,17.46173503173828,0.12009429931640625,0
774.762316942215,0.9212776062011718,-0.03999999999996362,17.979634201660154,0.12009429931640625,0
774.7673168182373,0.9254157897949218,-0.01999999999998181,17.69602275146484,0.10483551025390625,0
774.7803292274475,1.0402503845214843,-0.15999999999996817,17.594292557373045,0.10483551025390625,0
774.8043406009674,1.0661140319824218,-0.13999999999998636,17.541886093749998,0.12009429931640625,0
774.8177218437195,1.0599067565917968,-0.05999999999994543,17.711436417236325,0.10483551025390625,0
774.8224184513092,0.9657630798339844,-0.08000000000004093,17.52030696166992,0.10483551025390625,0
774.8272433280945,0.8547218200683593,-0.01999999999998181,17.890234940185547,0.09720611572265625,0
774.8323647975922,0.7078163024902343,0.0,17.62820262207031,0.08957672119140625,0
774.8373775482178,0.7750617858886718,0.0,17.566547958984373,0.10483551025390625,0
774.8426294326782,0.8381690856933594,-0.12000000000000455,17.387749436035154,0.10483551025390625,0
774.847731590271,0.8792060729980469,-0.05999999999994543,17.606623489990234,0.12009429931640625,0
774.8520514965057,0.8674812194824219,-0.03999999999996362,17.6374508215332,0.10483551025390625,0
774.8576776981354,0.9464515563964844,-0.01999999999998181,17.495645096435545,0.10483551025390625,0
774.8624382019043,0.9902473327636718,-0.12000000000000455,17.88715220703125,0.12009429931640625,0
774.8674459457397,1.0157661315917967,-0.08000000000004093,17.71760188354492,0.10483551025390625,0
774.8727655410767,1.0243873474121092,-0.08000000000004093,17.51105876220703,0.12772369384765625,0
774.8777987957001,1.0692176696777342,-0.03999999999996362,17.91489680541992,0.12772369384765625,0
774.8828575611115,1.1016334411621094,-0.01999999999998181,17.597375290527342,0.12772369384765625,0
774.8957235813141,1.0999091979980469,-0.15999999999996817,18.24166651977539,0.10483551025390625,0
774.919109582901,0.8823097106933593,0.01999999999998181,17.622037155761717,0.12772369384765625,0
774.9322075843811,0.8323066589355469,-0.08000000000004093,17.612788956298825,0.10483551025390625,0
774.9362080097198,0.8654121276855469,-0.15999999999996817,17.603540756835937,0.12009429931640625,0
774.940761089325,0.8650672790527343,-0.08000000000004093,17.492562363281248,0.10483551025390625,0
774.9442024230957,0.8698951599121093,-0.05999999999994543,18.2293355871582,0.09720611572265625,0
774.9501821994781,0.9419685241699218,-0.05999999999994543,17.705270950927734,0.10483551025390625,0
774.9562475681305,0.9788673278808593,-0.05999999999994543,17.50181056274414,0.10483551025390625,0
774.960223197937,0.9899024841308594,0.0,17.45865229858398,0.10483551025390625,0
774.96422123909,1.0061103698730467,-0.12000000000000455,17.591209824218748,0.10483551025390625,0
774.9682874679565,1.0399055358886717,-0.10000000000002274,17.67752635253906,0.12772369384765625,0
774.97283244133,1.0461128112792968,-0.10000000000002274,17.50797602905273,0.12772369384765625,0
774.9781928062439,1.0843910095214844,-0.05999999999994543,18.27865931762695,0.10483551025390625,0
774.9821968078613,1.0968055603027342,-0.03999999999996362,17.594292557373045,0.12772369384765625,0
774.9871711730957,1.1126685974121093,-0.01999999999998181,17.529555161132812,0.12009429931640625,0
775.0017626285553,1.1216346618652344,-0.01999999999998181,17.689857285156247,0.10483551025390625,0
775.026730298996,1.0450782653808592,0.0,17.406245834960934,0.10483551025390625,0
775.0391926765442,0.9554176208496094,0.03999999999996362,17.50181056274414,0.12009429931640625,0
775.0431594848633,0.9450721618652344,-0.03999999999996362,17.418576767578124,0.09720611572265625,0
775.0481667518616,0.9488654968261718,0.0,17.594292557373045,0.12009429931640625,0
775.0531716346741,0.9423133728027343,-0.15999999999996817,17.58196162475586,0.10483551025390625,0
775.0572302341461,0.9457618591308593,-0.15999999999996817,17.483314163818356,0.12009429931640625,0
775.0622470378876,0.9464515563964844,-0.12000000000000455,17.831663010253905,0.10483551025390625,0
775.0672426223755,0.9771430847167968,-0.10000000000002274,17.705270950927734,0.12009429931640625,0
775.0721683502197,0.9830055114746094,0.08000000000004093,17.50797602905273,0.10483551025390625,0
775.0782120227814,1.0119727966308594,-0.05999999999994543,18.06286799682617,0.12009429931640625,0
775.0822575092316,1.0219734069824218,-0.01999999999998181,17.609706223144528,0.09720611572265625,0
775.0873198509216,1.0430091735839844,-0.01999999999998181,17.55113429321289,0.09720611572265625,0
775.0924916267395,1.0699073669433594,-0.01999999999998181,17.396997635498046,0.12009429931640625,0
775.1055037975311,1.1185310241699218,0.0,17.52030696166992,0.10483551025390625,0
775.1297187805176,1.1768104431152344,-0.12000000000000455,17.67752635253906,0.09720611572265625,0
775.1428327560425,1.1602577087402344,-0.08000000000004093,17.42165950073242,0.10483551025390625,0
775.1467640399933,1.1374976989746093,-0.01999999999998181,17.63128535522461,0.10483551025390625,0
775.1503779888153,1.1078407165527344,-0.13999999999998636,17.72685008300781,0.10483551025390625,0
775.1541879177094,1.0805976745605468,-0.13999999999998636,17.560382492675778,0.12009429931640625,0
775.1582019329071,1.0257667419433594,-0.12000000000000455,17.45865229858398,0.09720611572265625,0
775.1625664234161,0.9936958190917968,-0.08000000000004093,17.8378284765625,0.09720611572265625,0
775.16765832901,0.9074836608886718,-0.08000000000004093,17.739181015624997,0.08957672119140625,0
775.1732001304626,0.9285194274902343,-0.05999999999994543,17.514141495361326,0.10483551025390625,0
775.1777555942535,0.9919715759277343,-0.15999999999996817,18.01354426635742,0.12009429931640625,0
775.18226146698,1.0374915954589843,0.03999999999996362,17.615871689453122,0.09720611572265625,0
775.1872932910919,1.0350776550292968,-0.08000000000004093,17.55113429321289,0.10483551025390625,0
775.1928155422211,1.113013446044922,-0.05999999999994543,17.39083216918945,0.10483551025390625,0
775.1977572441101,1.1057716247558593,-0.03999999999996362,17.58812709106445,0.12009429931640625,0
775.2019474506378,1.1212898132324218,0.0,17.625119888916014,0.10483551025390625,0
775.2069642543793,1.1806037780761718,0.0,17.492562363281248,0.12772369384765625,0
775.2260735034943,1.2471595642089843,0.03999999999996362,17.39083216918945,0.12009429931640625,0
775.2477436065674,1.0340431091308593,0.05999999999994543,17.58196162475586,0.09720611572265625,0
775.2587537765503,0.9495551940917968,-0.03999999999996362,17.43090770019531,0.12772369384765625,0
775.2628345489502,0.9840400573730468,-0.05999999999994543,18.226252854003903,0.12772369384765625,0
775.267835855484,1.0505958435058593,-0.05999999999994543,17.705270950927734,0.12009429931640625,0
775.2727582454681,1.0374915954589843,0.0,17.51105876220703,0.10483551025390625,0
775.2782621383667,1.0792182800292969,0.08000000000004093,18.73490382446289,0.12772369384765625,0
775.282732963562,1.1354286071777344,-0.05999999999994543,17.606623489990234,0.12009429931640625,0
775.2871747016907,1.1402564880371093,-0.03999999999996362,17.544968826904295,0.12772369384765625,0
775.2928080558777,1.1374976989746093,-0.03999999999996362,17.387749436035154,0.12772369384765625,0
775.2972595691681,1.147498309326172,-0.13999999999998636,17.594292557373045,0.09720611572265625,0
775.3027613162994,1.1140479919433592,-0.12000000000000455,17.62820262207031,0.12009429931640625,0
775.3070781230927,1.1102546569824219,-0.08000000000004093,17.495645096435545,0.10483551025390625,0
775.3131537437439,1.0623206970214842,-0.05999999999994543,17.622037155761717,0.10483551025390625,0
775.3181545734406,0.9367957946777343,-0.03999999999996362,17.683691818847656,0.08194732666015625,0
775.3328197002411,0.7043678161621093,-0.01999999999998181,17.622037155761717,0.13535308837890625,0
775.3577260971069,0.9281745788574218,-0.01999999999998181,17.48947963012695,0.12009429931640625,0
775.3701961040497,1.0040412780761718,-0.05999999999994543,17.560382492675778,0.09720611572265625,0
775.3741521835327,0.9836952087402343,-0.08000000000004093,17.474065964355468,0.10483551025390625,0
775.3781452178955,1.0102485534667969,-0.03999999999996362,18.3279830480957,0.10483551025390625,0
775.3821482658386,1.0057655212402343,-0.01999999999998181,17.594292557373045,0.12772369384765625,0
775.388151884079,1.0223182556152344,-0.01999999999998181,17.51105876220703,0.12009429931640625,0
775.3935136795044,1.0061103698730467,0.0,17.41241130126953,0.10483551025390625,0
775.3970828056335,1.0088691589355467,0.01999999999998181,17.585044357910153,0.12009429931640625,0
775.4031164646149,0.9961097595214843,0.03999999999996362,17.566547958984373,0.12009429931640625,0
775.4081361293793,0.9916267272949219,0.03999999999996362,17.418576767578124,0.09720611572265625,0
775.4130942821503,0.9688667175292969,-0.10000000000002274,17.575796158447265,0.12009429931640625,0
775.4180917739868,0.9564521667480468,-0.10000000000002274,17.662112686767575,0.12772369384765625,0
775.4230959415436,0.8843788024902344,-0.05999999999994543,17.483314163818356,0.12009429931640625,0
775.4361064434052,0.8650672790527343,-0.03999999999996362,17.585044357910153,0.10483551025390625,0
775.4602408409119,0.9447273132324219,-0.01999999999998181,17.45865229858398,0.12009429931640625,0
775.4731287956238,1.0112830993652342,0.01999999999998181,17.474065964355468,0.10483551025390625,0
775.4781293869019,1.0402503845214843,-0.01999999999998181,18.494450638427733,0.14298248291015625,0
775.4832637310028,1.0430091735839844,0.01999999999998181,17.6374508215332,0.13535308837890625,0
775.4876387119293,1.0774940368652344,-0.12000000000000455,17.532637894287106,0.12009429931640625,0
775.4925093650818,1.0771491882324218,-0.10000000000002274,17.36308757080078,0.08957672119140625,0
775.4978127479553,1.0837013122558594,-0.10000000000002274,17.575796158447265,0.10483551025390625,0
775.5024502277374,1.0995643493652343,-0.08000000000004093,17.612788956298825,0.10483551025390625,0
775.5078039169312,1.1237037536621093,-0.05999999999994543,17.464817764892576,0.12772369384765625,0
775.5131695270538,1.1123237487792967,-0.03999999999996362,17.612788956298825,0.12772369384765625,0
775.5181813240051,1.1223243591308594,-0.01999999999998181,17.655947220458984,0.10483551025390625,0
775.5231845378876,1.1064613220214843,-0.01999999999998181,17.48947963012695,0.10483551025390625,0
775.5287227630615,1.0516303894042969,0.0,18.540691635742185,0.12009429931640625,0
775.5328052043915,0.9781776306152343,-0.13999999999998636,17.606623489990234,0.12772369384765625,0
775.5381934642792,0.8412727233886719,-0.13999999999998636,17.514141495361326,0.13535308837890625,0
775.5518639087677,0.9354164001464843,0.08000000000004093,17.671360886230467,0.12772369384765625,0
775.576741695404,1.0430091735839844,-0.03999999999996362,17.38158396972656,0.12009429931640625,0
775.589282989502,1.1161170837402343,-0.10000000000002274,17.474065964355468,0.12009429931640625,0
775.5933017730713,1.068183123779297,-0.12000000000000455,17.39083216918945,0.12009429931640625,0
775.5987148284912,1.023352801513672,-0.12000000000000455,17.575796158447265,0.09720611572265625,0
775.6021432876587,0.9554176208496094,-0.03999999999996362,17.591209824218748,0.10483551025390625,0
775.6081001758575,0.8323066589355469,-0.15999999999996817,17.41241130126953,0.12009429931640625,0
775.6121578216553,0.8236854431152344,-0.12000000000000455,18.0351233984375,0.12772369384765625,0
775.6176636219025,0.8878272888183594,-0.08000000000004093,17.66827815307617,0.09720611572265625,0
775.6227498054504,0.9588661071777344,-0.08000000000004093,17.48023143066406,0.12009429931640625,0
775.6277551651001,0.9512794372558593,-0.15999999999996817,17.899483139648435,0.10483551025390625,0
775.6321995258331,1.0081794616699218,-0.12000000000000455,17.572713425292967,0.12009429931640625,0
775.6372051239014,1.0668037292480468,-0.08000000000004093,17.514141495361326,0.12772369384765625,0
775.6422970294952,1.0650794860839843,-0.22000000000002728,17.347673905029296,0.12009429931640625,0
775.6567220687866,1.0899085876464842,-0.03999999999996362,17.474065964355468,0.09720611572265625,0
775.6813642978668,0.9771430847167968,-0.03999999999996362,17.55113429321289,0.12772369384765625,0
775.6943726539612,1.0757697937011719,-0.08000000000004093,18.065950729980468,0.12772369384765625,0
775.6981654167175,1.1216346618652344,-0.05999999999994543,17.535720627441403,0.12009429931640625,0
775.7022485733032,1.1664649841308594,0.01999999999998181,17.572713425292967,0.15824127197265625,0
775.7073283195496,1.2299171325683593,0.01999999999998181,17.403163101806637,0.12772369384765625,0
775.7125020027161,1.2592292663574218,-0.10000000000002274,17.800835678710936,0.10483551025390625,0
775.7175147533417,1.2626777526855468,-0.20000000000004547,17.622037155761717,0.15061187744140625,0
775.7223246097565,1.3088874694824217,-0.01999999999998181,17.42165950073242,0.10483551025390625,0
775.7277719974518,1.2840583679199218,-0.13999999999998636,17.813166611328125,0.13535308837890625,0
775.7327215671539,1.2581947204589843,-0.12000000000000455,17.523389694824218,0.12009429931640625,0
775.738757610321,1.2461250183105468,-0.08000000000004093,17.424742233886718,0.10483551025390625,0
775.7421290874481,1.2143989440917968,-0.01999999999998181,17.286019241943357,0.12009429931640625,0
775.7472674846649,1.1333595153808593,-0.01999999999998181,17.51105876220703,0.14298248291015625,0
775.7527289390564,1.1140479919433592,-0.01999999999998181,17.532637894287106,0.14298248291015625,0
775.7767426967621,1.1399116394042967,0.01999999999998181,17.316846573486327,0.12772369384765625,0
775.8150162696838,1.2544013854980467,0.03999999999996362,17.514141495361326,0.12009429931640625,0
775.8287296295166,1.2706092712402344,-0.01999999999998181,18.380389511718747,0.13535308837890625,0
775.8328170776367,1.2657813903808592,-0.10000000000002274,17.514141495361326,0.12009429931640625,0
775.8386676311493,1.2650916931152343,0.10000000000002274,17.433990433349607,0.15824127197265625,0
775.8419954776764,1.2609535095214843,-0.03999999999996362,17.30143290771484,0.10483551025390625,0
775.8469953536987,1.2971626159667968,-0.03999999999996362,17.51105876220703,0.10483551025390625,0
775.8531832695007,1.2926795837402343,-0.01999999999998181,17.48947963012695,0.08957672119140625,0
775.8567197322845,1.3002662536621092,-0.01999999999998181,17.43090770019531,0.12009429931640625,0
775.8717329502106,1.2599189636230468,-0.01999999999998181,17.474065964355468,0.12009429931640625,0
775.8957269191742,1.1630164978027344,-0.15999999999996817,18.482119705810543,0.12009429931640625,0
775.9077370166779,1.0916328308105467,0.01999999999998181,17.467900498046873,0.10483551025390625,0
775.9127645492554,1.0419746276855468,-0.03999999999996362,18.010461533203124,0.10483551025390625,0
775.9187562465668,1.0392158386230468,-0.03999999999996362,17.64978175415039,0.13535308837890625,0
775.9237592220306,1.0568031188964844,-0.03999999999996362,17.467900498046873,0.12009429931640625,0
775.9277606010437,1.0385261413574218,-0.03999999999996362,17.95497233642578,0.12009429931640625,0
775.9328610897064,0.9816261169433593,-0.01999999999998181,17.591209824218748,0.12009429931640625,0
775.9367747306824,1.0050758239746094,-0.01999999999998181,17.523389694824218,0.12009429931640625,0
775.942812204361,1.0309394714355469,0.0,17.369253037109374,0.12772369384765625,0
775.9477531909943,1.0399055358886717,-0.13999999999998636,17.58812709106445,0.12772369384765625,0
775.9527492523193,1.0478370544433593,-0.13999999999998636,17.622037155761717,0.10483551025390625,0
775.9577190876007,1.0605964538574217,-0.10000000000002274,17.48023143066406,0.12772369384765625,0
775.9627556800842,1.0881843444824217,-0.08000000000004093,18.059785263671873,0.12009429931640625,0
775.9676306247711,1.0974952575683594,-0.05999999999994543,17.69602275146484,0.12009429931640625,0
775.9724397659302,1.0968055603027342,-0.03999999999996362,17.50797602905273,0.12772369384765625,0
775.9778082370758,1.1468086120605467,-0.03999999999996362,18.40813411010742,0.10483551025390625,0
775.9968197345734,1.1285316345214844,0.12000000000000455,17.689857285156247,0.12009429931640625,0
776.0168333053589,0.9830055114746094,-0.15999999999996817,17.63128535522461,0.12009429931640625,0
776.0262660980225,0.7619575378417969,-0.08000000000004093,17.424742233886718,0.12009429931640625,0
776.0308110713959,0.7878211853027344,-0.01999999999998181,17.612788956298825,0.10483551025390625,0
776.0347621440887,0.8750678894042968,0.05999999999994543,17.71760188354492,0.09720611572265625,0
776.0382926464081,0.9016212341308594,-0.05999999999994543,17.526472427978515,0.12009429931640625,0
776.042718410492,0.9278297302246094,-0.20000000000004547,17.39083216918945,0.12009429931640625,0
776.0472841262817,0.9974891540527343,-0.20000000000004547,17.597375290527342,0.08957672119140625,0
776.0523548126221,1.0495612976074218,0.0,17.6374508215332,0.10483551025390625,0
776.0573627948761,1.0737007019042968,-0.10000000000002274,17.50181056274414,0.09720611572265625,0
776.0625600814819,1.119910418701172,-0.05999999999994543,18.24166651977539,0.10483551025390625,0
776.067122220993,1.1150825378417968,-0.17999999999994998,17.714519150390622,0.09720611572265625,0
776.0720393657684,1.0057655212402343,-0.17999999999994998,17.523389694824218,0.09720611572265625,0
776.0777544975281,0.8864478942871094,-0.10000000000002274,18.183094589843748,0.10483551025390625,0
776.082111120224,0.8078224060058593,-0.22000000000002728,17.62820262207031,0.10483551025390625,0
776.1010990142822,0.9936958190917968,-0.03999999999996362,17.69602275146484,0.12009429931640625,0
776.1211054325104,1.0840461608886718,-0.15999999999996817,17.529555161132812,0.12772369384765625,0
776.1311185359955,0.9995582458496093,0.0,17.606623489990234,0.12009429931640625,0
776.1351993083954,0.8864478942871094,-0.01999999999998181,17.66827815307617,0.09720611572265625,0
776.1392045021057,0.7805793640136719,-0.10000000000002274,17.523389694824218,0.09720611572265625,0
776.1448078155518,0.8488593933105468,-0.05999999999994543,18.553022568359374,0.10483551025390625,0
776.1496803760529,0.9447273132324219,-0.05999999999994543,17.612788956298825,0.09720611572265625,0
776.1532099246979,0.9712806579589843,-0.13999999999998636,17.597375290527342,0.10483551025390625,0
776.1577425003052,0.9398994323730469,-0.10000000000002274,17.52030696166992,0.12772369384765625,0
776.1627399921417,1.0040412780761718,-0.10000000000002274,18.025875198974607,0.09720611572265625,0
776.1677556037903,1.0712867614746093,-0.05999999999994543,17.736098282470703,0.08957672119140625,0
776.1727592945099,1.0109382507324218,0.0,17.544968826904295,0.10483551025390625,0
776.176760673523,0.8798957702636718,-0.12000000000000455,18.482119705810543,0.09720611572265625,0
776.1827661991119,0.7816139099121093,-0.08000000000004093,17.63128535522461,0.12009429931640625,0
776.1878545284271,0.7398872253417969,-0.20000000000004547,17.572713425292967,0.12009429931640625,0
776.201863527298,0.9081733581542968,-0.20000000000004547,17.705270950927734,0.09720611572265625,0
776.2252290248871,1.0354225036621094,-0.10000000000002274,17.406245834960934,0.12009429931640625,0
776.2375946044922,0.9947303649902344,0.0,17.541886093749998,0.09720611572265625,0
776.2426025867462,0.8967933532714844,-0.13999999999998636,17.387749436035154,0.10483551025390625,0
776.2487194538116,0.7923042175292968,-0.05999999999994543,17.609706223144528,0.10483551025390625,0
776.2527050971985,0.7985114929199219,0.03999999999996362,17.63128535522461,0.12009429931640625,0
776.2577121257782,0.9050697204589844,0.03999999999996362,17.48947963012695,0.09720611572265625,0
776.262838602066,0.9343818542480469,-0.10000000000002274,18.001213333740232,0.10483551025390625,0
776.2676212787628,0.9154151794433594,-0.05999999999994543,17.71760188354492,0.12009429931640625,0
776.2727098464966,0.9936958190917968,-0.01999999999998181,17.50797602905273,0.13535308837890625,0
776.2773880958557,1.0695625183105468,0.0,17.773091080322263,0.12009429931640625,0
776.282821893692,1.0340431091308593,0.0,17.609706223144528,0.12009429931640625,0
776.2874889373779,1.0557685729980468,-0.08000000000004093,17.554217026367187,0.10483551025390625,0
776.2928628921509,1.0947364685058594,-0.05999999999994543,17.400080368652343,0.08957672119140625,0
776.2976884841919,1.0519752380371092,-0.01999999999998181,17.597375290527342,0.09720611572265625,0
776.3117492198944,0.7385078308105468,-0.13999999999998636,18.087529862060546,0.10483551025390625,0
776.3355140686035,1.1102546569824219,0.05999999999994543,17.66827815307617,0.10483551025390625,0
776.3476183414459,0.9967994567871094,-0.12000000000000455,17.594292557373045,0.09720611572265625,0
776.3526213169098,0.9764533874511718,-0.08000000000004093,17.63128535522461,0.09720611572265625,0
776.3576302528381,0.9071388122558594,-0.15999999999996817,17.504893295898437,0.10483551025390625,0
776.3626279830933,0.9154151794433594,-0.10000000000002274,17.877904007568358,0.13535308837890625,0
776.3677959442139,1.0143867370605468,-0.05999999999994543,17.711436417236325,0.12009429931640625,0
776.3728001117706,1.0757697937011719,-0.05999999999994543,17.492562363281248,0.10483551025390625,0
776.3778128623962,1.068183123779297,0.01999999999998181,17.899483139648435,0.12009429931640625,0
776.3828094005585,1.1378425476074219,-0.08000000000004093,17.606623489990234,0.09720611572265625,0
776.386812210083,1.1899146911621092,-0.03999999999996362,17.544968826904295,0.12009429931640625,0
776.3918154239655,1.1243934509277342,-0.15999999999996817,17.384666702880857,0.12009429931640625,0
776.3968188762665,1.0668037292480468,-0.12000000000000455,17.594292557373045,0.09720611572265625,0
776.4018220901489,0.9219673034667968,-0.03999999999996362,17.62820262207031,0.09720611572265625,0
776.4078261852264,0.7536811706542969,-0.03999999999996362,17.483314163818356,0.10483551025390625,0
776.4378461837769,1.1085304138183594,0.0,17.50181056274414,0.12772369384765625,0
776.4868993759155,0.9150703308105468,-0.12000000000000455,17.514141495361326,0.10483551025390625,0
776.504903793335,0.8836891052246093,-0.12000000000000455,17.464817764892576,0.12772369384765625,0
776.5096983909607,0.8823097106933593,-0.15999999999996817,17.33226023925781,0.12772369384765625,0
776.5132217407227,0.8878272888183594,-0.15999999999996817,17.548051560058592,0.14298248291015625,0
776.5176866054535,0.9467964050292969,-0.13999999999998636,17.655947220458984,0.12009429931640625,0
776.5441918373108,1.0602516052246094,-0.13999999999998636,18.0320406652832,0.12772369384765625,0
776.6076743602753,1.0109382507324218,-0.10000000000002274,17.396997635498046,0.12009429931640625,0
776.6331582069397,1.0792182800292969,-0.13999999999998636,17.58196162475586,0.13535308837890625,0
776.6582260131836,1.2088813659667967,-0.05999999999994543,17.387749436035154,0.14298248291015625,0
776.6907007694244,0.9267951843261718,-0.13999999999998636,17.474065964355468,0.12009429931640625,0
776.7020483016968,1.0019721862792967,0.0,17.63128535522461,0.12772369384765625,0
776.7070035934448,1.0626655456542968,-0.10000000000002274,17.486396896972654,0.10483551025390625,0
776.7122690677643,1.1012885925292968,-0.01999999999998181,17.97346873535156,0.10483551025390625,0
776.7170560359955,1.1081855651855468,0.0,17.71760188354492,0.09720611572265625,0
776.722071647644,1.1016334411621094,0.03999999999996362,17.514141495361326,0.10483551025390625,0
776.7270541191101,1.1602577087402344,-0.08000000000004093,17.834745743408202,0.12772369384765625,0
776.7320601940155,1.1588783142089842,-0.08000000000004093,17.62820262207031,0.10483551025390625,0
776.7370700836182,1.050940692138672,-0.03999999999996362,17.566547958984373,0.12009429931640625,0
776.766711473465,1.0095588562011717,-0.01999999999998181,17.625119888916014,0.10483551025390625,0
776.8141071796417,1.140601336669922,-0.13999999999998636,17.594292557373045,0.09720611572265625,0
776.8311686515808,0.9578315612792968,0.03999999999996362,17.597375290527342,0.12009429931640625,0
776.8341662883759,0.9540382263183593,-0.15999999999996817,17.71760188354492,0.10483551025390625,0
776.8391723632812,1.0099037048339843,-0.15999999999996817,17.50797602905273,0.09720611572265625,0
776.8421716690063,1.0454231140136718,-0.05999999999994543,17.387749436035154,0.12772369384765625,0
776.8616359233856,1.185431658935547,-0.05999999999994543,18.364975845947264,0.10483551025390625,0
776.8817110061646,1.1616371032714843,-0.01999999999998181,17.594292557373045,0.12772369384765625,0
776.8917899131775,0.8757575866699219,-0.03999999999996362,17.486396896972654,0.12009429931640625,0
776.8953278064728,0.8057533142089843,-0.05999999999994543,18.522195236816405,0.09720611572265625,0
776.8991689682007,0.8578254577636718,-0.05999999999994543,17.606623489990234,0.12009429931640625,0
776.9028630256653,0.9481757995605469,0.0,17.603540756835937,0.09720611572265625,0
776.9077908992767,1.0016273376464844,-0.10000000000002274,17.50181056274414,0.09720611572265625,0
776.9127948284149,1.0009376403808592,-0.10000000000002274,18.16151545776367,0.09720611572265625,0
776.9169933795929,1.0519752380371092,-0.05999999999994543,17.72685008300781,0.08194732666015625,0
776.9220085144043,1.0909431335449218,-0.15999999999996817,17.535720627441403,0.10483551025390625,0
776.9271035194397,1.0568031188964844,-0.12000000000000455,18.065950729980468,0.10483551025390625,0
776.9321246147156,0.9785224792480468,-0.08000000000004093,17.64978175415039,0.10483551025390625,0
776.9381155967712,0.8743781921386719,-0.20000000000004547,17.544968826904295,0.10483551025390625,0
776.943128824234,0.7823036071777344,-0.08000000000004093,17.46173503173828,0.12009429931640625,0
776.948139667511,0.8495490905761718,-0.08000000000004093,17.625119888916014,0.10483551025390625,0
776.953192949295,0.9785224792480468,-0.20000000000004547,17.603540756835937,0.09720611572265625,0
776.957230091095,1.0095588562011717,0.0,17.50181056274414,0.12009429931640625,0
776.9801592826843,0.8288581726074219,-0.10000000000002274,17.62820262207031,0.10483551025390625,0
777.0202498435974,0.9147254821777343,-0.05999999999994543,17.572713425292967,0.09720611572265625,0
777.0353429317474,0.7657508728027344,-0.13999999999998636,17.662112686767575,0.09720611572265625,0
777.0392463207245,0.8212715026855468,-0.08000000000004093,17.523389694824218,0.12009429931640625,0
777.0447885990143,0.8485145446777344,-0.08000000000004093,18.189260056152342,0.14298248291015625,0
777.0482733249664,0.9261054870605469,-0.08000000000004093,17.597375290527342,0.12009429931640625,0
777.0522253513336,1.0057655212402343,-0.17999999999994998,17.625119888916014,0.12772369384765625,0
777.05726313591,0.9916267272949219,-0.17999999999994998,17.486396896972654,0.14298248291015625,0
777.062254190445,1.0240424987792969,0.0,17.976551468505857,0.12772369384765625,0
777.0677092075348,1.0512855407714843,-0.08000000000004093,17.69602275146484,0.12009429931640625,0
777.0952501296997,0.9488654968261718,-0.03999999999996362,18.0351233984375,0.10483551025390625,0
777.1427731513977,1.1754310485839843,-0.01999999999998181,17.37233577026367,0.10483551025390625,0
777.1581254005432,1.1595680114746094,-0.12000000000000455,17.424742233886718,0.12772369384765625,0
777.1632668972015,1.154395281982422,-0.05999999999994543,17.594292557373045,0.12772369384765625,0
777.167322397232,1.147498309326172,-0.01999999999998181,17.689857285156247,0.12772369384765625,0
777.1723258495331,1.1816383239746093,-0.01999999999998181,17.48947963012695,0.12009429931640625,0
777.190337896347,1.0843910095214844,-0.01999999999998181,17.45865229858398,0.10483551025390625,0
777.224707365036,1.0530097839355468,-0.01999999999998181,17.46173503173828,0.10483551025390625,0
777.2400789260864,1.0147315856933592,0.0,17.46173503173828,0.12009429931640625,0
777.2440829277039,0.9947303649902344,0.03999999999996362,18.26941111816406,0.10483551025390625,0
777.2487072944641,0.9747291442871093,0.08000000000004093,17.56963069213867,0.12009429931640625,0
777.2532587051392,0.9543830749511718,0.08000000000004093,17.548051560058592,0.12009429931640625,0
777.2572612762451,0.9667976257324218,-0.05999999999994543,17.449404099121093,0.12009429931640625,0
777.2625846862793,0.9733497497558593,-0.03999999999996362,18.059785263671873,0.12009429931640625,0
777.267664194107,0.9826606628417969,-0.03999999999996362,17.674443619384764,0.12772369384765625,0
777.2727236747742,0.9943855163574218,-0.03999999999996362,17.483314163818356,0.12009429931640625,0
777.2771217823029,0.9916267272949219,-0.01999999999998181,17.95497233642578,0.12009429931640625,0
777.283145904541,0.9926612731933593,-0.01999999999998181,17.64978175415039,0.10483551025390625,0
777.287180185318,1.0088691589355467,-0.01999999999998181,17.50181056274414,0.10483551025390625,0
777.3051960468292,1.0805976745605468,0.0,17.47098323120117,0.13535308837890625,0
777.3391954898834,1.2485389587402342,-0.15999999999996817,17.464817764892576,0.10483551025390625,0
777.3522448539734,1.2416419860839842,-0.10000000000002274,17.58812709106445,0.12772369384765625,0
777.3572478294373,1.2478492614746093,-0.12000000000000455,17.4432386328125,0.10483551025390625,0
777.3627934455872,1.2447456237792969,-0.05999999999994543,17.760760147705078,0.12772369384765625,0
777.367210149765,1.1999153015136719,-0.03999999999996362,17.671360886230467,0.10483551025390625,0
777.3727915287018,1.1692237731933592,-0.03999999999996362,17.464817764892576,0.10483551025390625,0
777.3787491321564,1.1161170837402343,-0.01999999999998181,18.05053706420898,0.10483551025390625,0
777.3817503452301,1.0616309997558593,0.0,17.566547958984373,0.12772369384765625,0
777.3877544403076,1.0043861267089842,-0.13999999999998636,17.504893295898437,0.12009429931640625,0
777.3927574157715,0.9861091491699219,-0.13999999999998636,17.347673905029296,0.10483551025390625,0
777.4116697311401,1.0426643249511718,-0.10000000000002274,17.98271693481445,0.12009429931640625,0
777.4326992034912,1.1105995056152342,-0.08000000000004093,17.572713425292967,0.10483551025390625,0
777.4436964988708,1.1650855895996093,-0.01999999999998181,17.387749436035154,0.12009429931640625,0
777.4477970600128,1.1709480163574217,-0.08000000000004093,17.55113429321289,0.12009429931640625,0
777.4525821208954,1.1650855895996093,-0.08000000000004093,17.58196162475586,0.12772369384765625,0
777.4576723575592,1.164740740966797,-0.03999999999996362,17.449404099121093,0.12009429931640625,0
777.4626729488373,1.1357734558105468,-0.01999999999998181,17.77617381347656,0.10483551025390625,0
777.4677093029022,1.0902534362792968,-0.15999999999996817,17.66827815307617,0.12772369384765625,0
777.4728121757507,1.0495612976074218,0.01999999999998181,17.45865229858398,0.14298248291015625,0
777.4777834415436,0.9557624694824218,-0.12000000000000455,17.74842921508789,0.12009429931640625,0
777.4827988147736,0.8729987976074218,-0.12000000000000455,17.544968826904295,0.13535308837890625,0
777.4871106147766,0.8626533386230468,-0.05999999999994543,17.467900498046873,0.12772369384765625,0
777.4927263259888,0.9161048767089843,-0.03999999999996362,17.28293650878906,0.12009429931640625,0
777.4977324008942,0.8781715270996093,-0.01999999999998181,17.50797602905273,0.13535308837890625,0
777.5027112960815,0.8933448669433594,0.0,17.526472427978515,0.17350006103515625,0
777.5332252979279,1.0788734313964843,0.0,17.58812709106445,0.12009429931640625,0
777.5792670249939,1.0592170593261718,0.0,17.585044357910153,0.09720611572265625,0
777.5917897224426,0.9688667175292969,-0.13999999999998636,17.39083216918945,0.12772369384765625,0
777.5951547622681,1.0316291687011718,-0.08000000000004093,17.930310471191405,0.12009429931640625,0
777.5981559753418,1.044043719482422,-0.01999999999998181,17.514141495361326,0.14298248291015625,0
777.6032593250275,1.0723213073730469,-0.01999999999998181,17.492562363281248,0.12009429931640625,0
777.6062889099121,0.9992133972167968,0.0,17.41241130126953,0.10483551025390625,0
777.6127758026123,0.9871436950683593,-0.12000000000000455,17.71760188354492,0.12009429931640625,0
777.6317412853241,1.0278358337402342,-0.10000000000002274,17.55113429321289,0.12009429931640625,0
777.6526556015015,0.9278297302246094,-0.05999999999994543,17.603540756835937,0.12009429931640625,0
777.6627840995789,0.7619575378417969,0.03999999999996362,17.917979538574215,0.10483551025390625,0
777.6672112941742,0.7898902770996094,-0.01999999999998181,17.705270950927734,0.08957672119140625,0
777.6722230911255,0.8526527282714843,-0.10000000000002274,17.514141495361326,0.12009429931640625,0
777.6771388053894,0.8436866638183593,-0.05999999999994543,18.127605393066403,0.10483551025390625,0
777.6833384037018,0.8554115173339844,-0.03999999999996362,17.689857285156247,0.12009429931640625,0
777.6873569488525,0.9392097351074218,-0.15999999999996817,17.535720627441403,0.12772369384765625,0
777.6927337646484,0.9512794372558593,-0.15999999999996817,17.384666702880857,0.12009429931640625,0
777.6972548961639,0.9861091491699219,0.01999999999998181,17.594292557373045,0.12009429931640625,0
777.7023293972015,0.9974891540527343,-0.05999999999994543,17.622037155761717,0.08957672119140625,0
777.7073307037354,1.0285255310058594,-0.03999999999996362,17.48947963012695,0.09720611572265625,0
777.7126376628876,0.9543830749511718,-0.01999999999998181,18.0351233984375,0.12009429931640625,0
777.7177338600159,0.8150642272949219,-0.01999999999998181,17.711436417236325,0.09720611572265625,0
777.72278881073,0.6885047790527343,-0.13999999999998636,17.532637894287106,0.10483551025390625,0
777.7352046966553,0.8757575866699219,-0.05999999999994543,17.652864487304686,0.10483551025390625,0
777.7596969604492,1.0130073425292967,-0.01999999999998181,17.396997635498046,0.10483551025390625,0
777.7717080116272,1.0940467712402344,-0.05999999999994543,17.52030696166992,0.09720611572265625,0
777.7757127285004,1.0516303894042969,-0.05999999999994543,17.406245834960934,0.09720611572265625,0
777.779714345932,0.9781776306152343,0.0,17.71760188354492,0.13535308837890625,0
777.7831335067749,0.9423133728027343,-0.12000000000000455,17.689857285156247,0.08194732666015625,0
777.7887032032013,0.8295478698730469,-0.12000000000000455,17.529555161132812,0.10483551025390625,0
777.792732000351,0.8105811950683594,0.05999999999994543,17.39083216918945,0.12009429931640625,0
777.7971711158752,0.8457557556152343,-0.03999999999996362,17.591209824218748,0.12009429931640625,0
777.8021738529205,0.9405891296386718,-0.15999999999996817,17.622037155761717,0.09720611572265625,0
777.807695388794,0.9326576110839844,-0.15999999999996817,17.486396896972654,0.12772369384765625,0
777.8127019405365,0.9781776306152343,-0.12000000000000455,17.930310471191405,0.12009429931640625,0
777.8176701068878,1.0374915954589843,-0.22000000000002728,17.705270950927734,0.10483551025390625,0
777.8226943016052,1.0692176696777342,-0.03999999999996362,17.50181056274414,0.10483551025390625,0
777.8276944160461,1.0857704040527343,-0.15999999999996817,17.958055069580077,0.10483551025390625,0
777.8321089744568,1.1185310241699218,-0.12000000000000455,17.594292557373045,0.12772369384765625,0
777.8467214107513,1.1109443542480468,-0.10000000000002274,17.622037155761717,0.12009429931640625,0
777.8727796077728,0.9419685241699218,-0.10000000000002274,17.51105876220703,0.12009429931640625,0
777.8850984573364,0.9505897399902343,-0.15999999999996817,17.66827815307617,0.09720611572265625,0
777.8890986442566,0.9647285339355468,-0.01999999999998181,17.52030696166992,0.10483551025390625,0
777.8931021690369,0.9999030944824219,0.01999999999998181,17.433990433349607,0.12009429931640625,0
777.8971738815308,1.0202491638183593,-0.12000000000000455,17.606623489990234,0.08194732666015625,0
777.9021954536438,1.023352801513672,-0.12000000000000455,17.634368088378903,0.08957672119140625,0
777.9077861309052,1.044043719482422,-0.10000000000002274,17.495645096435545,0.10483551025390625,0
777.9127013683319,1.0771491882324218,-0.08000000000004093,17.939558670654296,0.10483551025390625,0
777.917742729187,1.0843910095214844,-0.03999999999996362,17.74534648193359,0.10483551025390625,0
777.9221131801605,1.1047370788574218,-0.01999999999998181,17.535720627441403,0.10483551025390625,0
777.9271523952484,1.1243934509277342,0.0,17.917979538574215,0.10483551025390625,0
777.9327793121338,1.1137031433105469,0.0,17.63128535522461,0.10483551025390625,0
777.9370758533478,1.1088752624511717,-0.10000000000002274,17.56963069213867,0.12009429931640625,0
777.967700958252,0.9288642761230468,-0.08000000000004093,17.72993281616211,0.10483551025390625,0
778.0031671524048,1.1147376892089844,-0.03999999999996362,17.566547958984373,0.12772369384765625,0
778.0156061649323,1.0250770446777344,-0.01999999999998181,17.597375290527342,0.10483551025390625,0
778.0187041759491,0.9747291442871093,0.01999999999998181,17.671360886230467,0.09720611572265625,0
778.0227727890015,0.8340309020996094,-0.03999999999996362,17.50797602905273,0.09720611572265625,0
778.0271680355072,0.6188453552246094,-0.03999999999996362,17.739181015624997,0.09720611572265625,0
778.0322251319885,0.7164375183105468,-0.13999999999998636,17.609706223144528,0.10483551025390625,0
778.0377151966095,0.7974769470214843,-0.10000000000002274,17.548051560058592,0.09720611572265625,0
778.0427849292755,0.8640327331542969,-0.05999999999994543,17.384666702880857,0.12009429931640625,0
778.0477838516235,0.8605842468261719,-0.03999999999996362,17.597375290527342,0.12772369384765625,0
778.061105966568,0.9509345886230468,-0.03999999999996362,17.998130600585935,0.09720611572265625,0
778.0857908725739,0.5467719909667969,-0.12000000000000455,17.662112686767575,0.13535308837890625,0
778.0976662635803,0.7978217956542969,-0.03999999999996362,17.594292557373045,0.09720611572265625,0
778.1022191047668,0.7491981384277343,-0.17999999999994998,17.622037155761717,0.12009429931640625,0
778.1072170734406,0.8757575866699219,-0.08000000000004093,17.486396896972654,0.12009429931640625,0
778.1123406887054,0.9130012390136718,-0.08000000000004093,17.74842921508789,0.08957672119140625,0
778.1173467636108,0.9019660827636719,-0.01999999999998181,17.711436417236325,0.10483551025390625,0
778.1224575042725,0.9188636657714844,0.01999999999998181,17.50797602905273,0.10483551025390625,0
778.1274371147156,0.9292091247558594,-0.08000000000004093,17.890234940185547,0.10483551025390625,0
778.1325314044952,0.9130012390136718,-0.05999999999994543,17.609706223144528,0.10483551025390625,0
778.1375503540039,0.7888557312011718,-0.05999999999994543,17.541886093749998,0.10483551025390625,0
778.1428065299988,0.7088508483886719,-0.01999999999998181,17.396997635498046,0.09720611572265625,0
778.1481668949127,0.7047126647949219,-0.10000000000002274,17.594292557373045,0.10483551025390625,0
778.1524875164032,0.7457496520996093,-0.05999999999994543,17.612788956298825,0.13535308837890625,0
778.1573045253754,0.7750617858886718,-0.03999999999996362,17.474065964355468,0.12009429931640625,0
778.1628043651581,0.7760963317871094,-0.15999999999996817,17.80700114501953,0.13535308837890625,0
778.1765968799591,0.8805854675292968,-0.13999999999998636,17.39083216918945,0.12772369384765625,0
778.2011232376099,0.9640388366699219,-0.13999999999998636,17.674443619384764,0.10483551025390625,0
778.2138876914978,0.9609351989746093,-0.03999999999996362,17.585044357910153,0.10483551025390625,0
778.217973947525,0.9402442810058593,-0.08000000000004093,17.652864487304686,0.12009429931640625,0
778.2227776050568,0.9333473083496093,-0.03999999999996362,17.492562363281248,0.10483551025390625,0
778.2281768321991,0.9126563903808593,-0.03999999999996362,18.176929123535153,0.12772369384765625,0
778.2331833839417,0.8888618347167968,0.0,17.662112686767575,0.09720611572265625,0
778.2387278079987,0.8147193786621093,0.0,17.504893295898437,0.10483551025390625,0
778.2427349090576,0.7409217712402344,0.0,17.369253037109374,0.10483551025390625,0
778.2477247714996,0.7043678161621093,0.0,17.575796158447265,0.12009429931640625,0
778.2532069683075,0.7871314880371093,-0.10000000000002274,17.55113429321289,0.10483551025390625,0
778.2572376728058,0.8174781677246094,-0.05999999999994543,17.46173503173828,0.13535308837890625,0
778.2622168064117,0.8098914978027344,-0.05999999999994543,17.847076676025388,0.10483551025390625,0
778.2671837806702,0.8674812194824219,-0.01999999999998181,17.68677455200195,0.10483551025390625,0
778.2807033061981,0.9354164001464843,-0.08000000000004093,17.563465225830075,0.10483551025390625,0
778.3037173748016,1.0561134216308594,-0.05999999999994543,17.486396896972654,0.12009429931640625,0
778.3167896270752,1.0261115905761717,-0.01999999999998181,17.585044357910153,0.12772369384765625,0
778.3201792240143,1.026801287841797,-0.05999999999994543,17.51105876220703,0.12772369384765625,0
778.3247270584106,1.0078346130371092,-0.01999999999998181,17.446321365966796,0.10483551025390625,0
778.3280172348022,0.9619697448730469,0.0,18.065950729980468,0.10483551025390625,0
778.3321449756622,0.8898963806152344,0.0,17.575796158447265,0.12772369384765625,0
778.3381872177124,0.8392036315917969,-0.12000000000000455,17.48023143066406,0.13535308837890625,0
778.3421974182129,0.8464454528808594,-0.10000000000002274,17.3415084387207,0.10483551025390625,0
778.3477330207825,0.8809303161621094,-0.05999999999994543,17.560382492675778,0.10483551025390625,0
778.3521099090576,0.8733436462402343,-0.05999999999994543,17.58196162475586,0.10483551025390625,0
778.3571131229401,0.8567909118652344,-0.03999999999996362,17.45248683227539,0.12772369384765625,0
778.3630187511444,0.9230018493652343,-0.01999999999998181,17.554217026367187,0.13535308837890625,0
778.3677623271942,0.9667976257324218,0.0,17.66827815307617,0.12772369384765625,0
778.3720741271973,0.9685218688964843,-0.10000000000002274,17.47098323120117,0.10483551025390625,0
778.3787260055542,0.9926612731933593,-0.08000000000004093,18.195425522460937,0.12009429931640625,0
778.3926968574524,1.0726661560058592,-0.01999999999998181,17.347673905029296,0.12009429931640625,0
778.421778678894,0.9388648864746093,-0.01999999999998181,17.464817764892576,0.13535308837890625,0
778.4316964149475,1.0271461364746093,-0.08000000000004093,17.541886093749998,0.10483551025390625,0
778.4357035160065,1.0630103942871094,-0.01999999999998181,17.597375290527342,0.12009429931640625,0
778.4398214817047,1.1285316345214844,0.05999999999994543,17.446321365966796,0.12009429931640625,0
778.4431858062744,1.140601336669922,-0.05999999999994543,17.384666702880857,0.12772369384765625,0
778.4481325149536,1.1747413513183593,-0.05999999999994543,17.548051560058592,0.12009429931640625,0
778.4535863399506,1.2109504577636718,-0.17999999999994998,17.532637894287106,0.12772369384765625,0
778.4576916694641,1.2447456237792969,-0.12000000000000455,17.427824967041015,0.12772369384765625,0
778.4619777202606,1.2157783386230467,-0.08000000000004093,17.92414500488281,0.09720611572265625,0
778.4678030014038,1.2240547058105469,-0.05999999999994543,17.64978175415039,0.12009429931640625,0
778.4736862182617,1.1906043884277344,-0.05999999999994543,17.4401558996582,0.12009429931640625,0
778.4777026176453,1.1454292175292968,-0.15999999999996817,18.139936325683593,0.13535308837890625,0
778.4827229976654,1.085425555419922,-0.12000000000000455,17.554217026367187,0.13535308837890625,0
778.4877119064331,1.0747352478027343,0.05999999999994543,17.48947963012695,0.13535308837890625,0
778.506721496582,1.1381873962402342,-0.05999999999994543,17.418576767578124,0.12009429931640625,0
778.5277004241943,1.1437049743652343,-0.20000000000004547,18.40505137695312,0.12772369384765625,0
778.5377070903778,1.1112892028808594,-0.12000000000000455,17.504893295898437,0.12009429931640625,0
778.5427033901215,1.1212898132324218,-0.01999999999998181,17.344591171875,0.12009429931640625,0
778.5477468967438,1.1881904479980467,-0.13999999999998636,17.560382492675778,0.12772369384765625,0
778.5531497001648,1.0950813171386717,-0.10000000000002274,17.55113429321289,0.12009429931640625,0
778.5587179660797,1.0485267517089842,-0.08000000000004093,17.403163101806637,0.10483551025390625,0
778.5637023448944,0.9264503356933593,-0.08000000000004093,17.609706223144528,0.10483551025390625,0
778.5677061080933,0.8481696960449219,-0.08000000000004093,17.68677455200195,0.13535308837890625,0
778.5726490020752,0.7657508728027344,-0.05999999999994543,17.50797602905273,0.07431793212890625,0
778.57763504982,0.8254096862792969,-0.15999999999996817,18.451292374267577,0.13535308837890625,0
778.5827023983002,0.8667915222167968,-0.12000000000000455,17.603540756835937,0.13535308837890625,0
778.5877320766449,0.8661018249511718,-0.08000000000004093,17.535720627441403,0.12772369384765625,0
778.5927314758301,0.9154151794433594,-0.08000000000004093,17.37233577026367,0.09720611572265625,0
778.5976948738098,0.9588661071777344,-0.03999999999996362,17.597375290527342,0.10483551025390625,0
778.6226949691772,1.0599067565917968,-0.15999999999996817,17.52030696166992,0.10483551025390625,0
778.6696922779083,1.1274970886230469,-0.12000000000000455,17.615871689453122,0.10483551025390625,0
778.6810765266418,1.0878394958496094,-0.12000000000000455,17.594292557373045,0.10483551025390625,0
778.6851389408112,1.0123176452636717,-0.08000000000004093,17.64978175415039,0.10483551025390625,0
778.6891379356384,0.9016212341308594,0.0,17.514141495361326,0.10483551025390625,0
778.6947345733643,0.7302314636230468,0.0,18.525277969970702,0.10483551025390625,0
778.6987235546112,0.7298866149902343,0.01999999999998181,17.615871689453122,0.10483551025390625,0
778.7022168636322,0.8302375671386718,-0.05999999999994543,17.622037155761717,0.12009429931640625,0
778.7077021598816,0.8988624450683593,-0.01999999999998181,17.486396896972654,0.12009429931640625,0
778.7241940498352,1.0123176452636717,-0.01999999999998181,17.47098323120117,0.09720611572265625,0
778.7552225589752,0.9019660827636719,-0.10000000000002274,17.50797602905273,0.09720611572265625,0
778.7702369689941,0.8416175720214844,0.0,17.560382492675778,0.13535308837890625,0
778.7746875286102,0.8626533386230468,-0.15999999999996817,17.486396896972654,0.12009429931640625,0
778.7786934375763,0.8829994079589844,-0.05999999999994543,18.71332469238281,0.12772369384765625,0
778.7832310199738,0.8967933532714844,-0.05999999999994543,17.69602275146484,0.10483551025390625,0
778.787230014801,0.9278297302246094,-0.03999999999996362,17.544968826904295,0.08957672119140625,0
778.7922291755676,0.9643836853027343,-0.01999999999998181,17.39083216918945,0.10483551025390625,0
778.7977519035339,0.9992133972167968,-0.13999999999998636,17.606623489990234,0.10483551025390625,0
778.8022439479828,1.0105934020996092,-0.13999999999998636,17.634368088378903,0.09720611572265625,0
778.8072421550751,1.0357673522949218,-0.10000000000002274,17.51105876220703,0.09720611572265625,0
778.8122515678406,1.0557685729980468,-0.05999999999994543,18.0320406652832,0.10483551025390625,0
778.8287212848663,0.9781776306152343,-0.03999999999996362,18.67633189453125,0.10483551025390625,0
778.8592309951782,0.9571418640136719,0.0,17.400080368652343,0.10483551025390625,0
778.8747010231018,1.0978401062011718,-0.05999999999994543,17.48947963012695,0.12772369384765625,0
778.8786928653717,1.1123237487792967,-0.15999999999996817,18.411216843261716,0.10483551025390625,0
778.8826923370361,1.178534686279297,-0.03999999999996362,17.603540756835937,0.10483551025390625,0
778.8871026039124,1.1195655700683593,-0.17999999999994998,17.541886093749998,0.12009429931640625,0
778.8927485942841,1.0357673522949218,-0.17999999999994998,17.433990433349607,0.08957672119140625,0
778.8977553844452,0.8871375915527343,0.05999999999994543,17.603540756835937,0.10483551025390625,0
778.9025988578796,0.8295478698730469,-0.20000000000004547,17.634368088378903,0.12009429931640625,0
778.9076361656189,0.9550727722167969,-0.01999999999998181,17.50181056274414,0.12772369384765625,0
778.9120726585388,1.0261115905761717,-0.12000000000000455,17.91489680541992,0.12772369384765625,0
778.9170763492584,1.0485267517089842,-0.08000000000004093,17.723767349853514,0.12009429931640625,0
778.9220793247223,1.1350837585449218,-0.08000000000004093,17.514141495361326,0.12009429931640625,0
778.9460957050323,0.8681709167480468,-0.13999999999998636,17.64978175415039,0.08957672119140625,0
778.9721148014069,1.099219500732422,-0.10000000000002274,17.50181056274414,0.10483551025390625,0
778.985132932663,1.0157661315917967,-0.05999999999994543,17.6374508215332,0.09720611572265625,0
778.9891335964203,0.9571418640136719,-0.15999999999996817,17.50797602905273,0.10483551025390625,0
778.9945333003998,0.8185127136230469,-0.15999999999996817,18.155349991455076,0.12009429931640625,0
778.9986066818237,0.7457496520996093,-0.05999999999994543,17.597375290527342,0.14298248291015625,0
779.0026679039001,0.7916145202636719,-0.13999999999998636,17.615871689453122,0.12772369384765625,0
779.0076866149902,0.9009315368652343,-0.10000000000002274,17.486396896972654,0.12009429931640625,0
779.0126850605011,0.9261054870605469,-0.03999999999996362,17.899483139648435,0.10483551025390625,0
779.0177705287933,0.9357612487792968,-0.03999999999996362,17.70835368408203,0.12009429931640625,0
779.0227797031403,1.0088691589355467,-0.01999999999998181,17.504893295898437,0.12772369384765625,0
779.0277783870697,1.0643897888183593,-0.12000000000000455,18.115274460449218,0.12772369384765625,0
779.033215045929,1.0533546325683594,-0.08000000000004093,17.689857285156247,0.12772369384765625,0
779.049791097641,1.0661140319824218,-0.05999999999994543,17.606623489990234,0.12009429931640625,0
779.0802121162415,0.9230018493652343,-0.03999999999996362,17.563465225830075,0.12009429931640625,0
779.0936853885651,0.9309333679199219,-0.10000000000002274,17.39083216918945,0.12009429931640625,0
779.0977716445923,0.9512794372558593,-0.10000000000002274,17.563465225830075,0.10483551025390625,0
779.1027867794037,0.9709358093261719,-0.10000000000002274,17.594292557373045,0.10483551025390625,0
779.1068680286407,0.9778327819824219,-0.05999999999994543,17.46173503173828,0.12009429931640625,0
779.1128082275391,1.0143867370605468,-0.03999999999996362,17.785422012939453,0.12772369384765625,0
779.1186482906342,1.0295600769042967,-0.01999999999998181,17.625119888916014,0.10483551025390625,0
779.122644662857,1.0409400817871093,-0.01999999999998181,17.48023143066406,0.12009429931640625,0
779.1276524066925,1.0433540222167967,-0.15999999999996817,18.02279246582031,0.12009429931640625,0
779.1326563358307,1.057837664794922,-0.15999999999996817,17.56963069213867,0.09720611572265625,0
779.1376533508301,1.0871497985839844,-0.13999999999998636,17.486396896972654,0.12009429931640625,0
779.1427459716797,1.0837013122558594,-0.12000000000000455,17.3415084387207,0.10483551025390625,0
779.161771774292,1.0999091979980469,-0.10000000000002274,18.183094589843748,0.13535308837890625,0
779.1817862987518,1.1206001159667969,-0.08000000000004093,17.55113429321289,0.13535308837890625,0
779.1917762756348,1.1495674011230468,-0.03999999999996362,17.42165950073242,0.13535308837890625,0
779.195196390152,1.1564643737792968,-0.03999999999996362,18.26016291870117,0.12772369384765625,0
779.1997401714325,1.1488777038574218,-0.01999999999998181,17.560382492675778,0.09720611572265625,0
779.2037949562073,1.1295661804199217,-0.01999999999998181,17.523389694824218,0.12772369384765625,0
779.2077980041504,1.1316352722167968,-0.01999999999998181,17.446321365966796,0.12009429931640625,0
779.2122313976288,1.1399116394042967,0.0,18.02279246582031,0.12009429931640625,0
779.2175529003143,1.0971504089355468,0.0,17.67752635253906,0.10483551025390625,0
779.2226686477661,1.0505958435058593,0.0,17.47098323120117,0.10483551025390625,0
779.2276782989502,0.9743842956542969,-0.13999999999998636,18.226252854003903,0.12009429931640625,0
779.2327084541321,0.8854133483886718,-0.10000000000002274,17.56963069213867,0.10483551025390625,0
779.2387235164642,0.8205818054199219,-0.08000000000004093,17.48023143066406,0.10483551025390625,0
779.2427742481232,0.8354102966308593,-0.05999999999994543,17.347673905029296,0.12772369384765625,0
779.2481400966644,0.8926551696777343,-0.17999999999994998,17.55113429321289,0.13535308837890625,0
779.2532348632812,0.8985175964355469,-0.15999999999996817,17.535720627441403,0.12009429931640625,0
779.2682449817657,0.9736945983886718,-0.15999999999996817,17.625119888916014,0.12772369384765625,0
779.2927122116089,1.0519752380371092,-0.15999999999996817,17.347673905029296,0.12772369384765625,0
779.3057208061218,1.0316291687011718,-0.05999999999994543,17.474065964355468,0.09720611572265625,0
779.3097269535065,0.9830055114746094,-0.10000000000002274,17.369253037109374,0.12772369384765625,0
779.3137276172638,0.9054145690917969,-0.03999999999996362,17.566547958984373,0.13535308837890625,0
779.3177738189697,0.8309272644042969,-0.03999999999996362,17.66827815307617,0.10483551025390625,0
779.3226385116577,0.8388587829589843,-0.17999999999994998,17.464817764892576,0.12772369384765625,0
779.3277132511139,0.9002418395996094,-0.12000000000000455,18.183094589843748,0.12772369384765625,0
779.3328192234039,0.9219673034667968,0.05999999999994543,17.544968826904295,0.12009429931640625,0
779.3369936943054,0.9047248718261718,-0.05999999999994543,17.474065964355468,0.12772369384765625,0
779.34268450737,0.9764533874511718,-0.05999999999994543,17.319929306640624,0.10483551025390625,0
779.348724603653,1.0326637145996094,-0.01999999999998181,17.535720627441403,0.15824127197265625,0
779.3524339199066,1.0712867614746093,-0.13999999999998636,17.544968826904295,0.12772369384765625,0
779.3574359416962,1.1343940612792969,-0.10000000000002274,17.403163101806637,0.14298248291015625,0
779.3626849651337,1.1237037536621093,-0.08000000000004093,17.82549754394531,0.14298248291015625,0
779.3767018318176,1.2202613708496093,-0.05999999999994543,17.326094772949215,0.13535308837890625,0
779.4027101993561,1.0919776794433593,-0.05999999999994543,17.532637894287106,0.14298248291015625,0
779.4155950546265,1.0257667419433594,0.01999999999998181,17.529555161132812,0.12009429931640625,0
779.4196028709412,1.0319740173339844,-0.13999999999998636,17.523389694824218,0.12772369384765625,0
779.4236125946045,1.0943916198730468,-0.05999999999994543,17.41241130126953,0.15061187744140625,0
779.427633523941,1.0916328308105467,-0.03999999999996362,18.01662699951172,0.12009429931640625,0
779.4326848983765,1.1343940612792969,-0.03999999999996362,17.529555161132812,0.10483551025390625,0
779.437337398529,1.1654304382324219,-0.01999999999998181,17.45865229858398,0.14298248291015625,0
779.4423213005066,1.1423255798339844,0.01999999999998181,17.298350174560547,0.13535308837890625,0
779.4477698802948,1.2506080505371093,-0.12000000000000455,17.50797602905273,0.13535308837890625,0
779.4526801109314,1.2485389587402342,-0.08000000000004093,17.541886093749998,0.12772369384765625,0
779.4576525688171,1.2171577331542969,-0.05999999999994543,17.400080368652343,0.13535308837890625,0
779.4627265930176,1.3213020202636718,-0.05999999999994543,17.760760147705078,0.12772369384765625,0
779.4677150249481,1.2550910827636719,-0.01999999999998181,17.63128535522461,0.12009429931640625,0
779.4817743301392,1.0843910095214844,0.0,17.563465225830075,0.12772369384765625,0
779.5049834251404,1.0164558288574217,0.0,17.504893295898437,0.09720611572265625,0
779.5169441699982,1.0850807067871093,-0.08000000000004093,17.70835368408203,0.10483551025390625,0
779.5226831436157,1.1664649841308594,-0.08000000000004093,17.50181056274414,0.12772369384765625,0
779.5276901721954,1.1754310485839843,-0.01999999999998181,18.30948664916992,0.12009429931640625,0
779.5326895713806,1.1671546813964844,0.0,17.606623489990234,0.09720611572265625,0
779.5370955467224,1.2530219909667968,0.03999999999996362,17.535720627441403,0.12009429931640625,0
779.5427079200745,1.2437110778808593,-0.2400000000000091,17.39083216918945,0.10483551025390625,0
779.5477049350739,1.1561195251464844,-0.05999999999994543,17.597375290527342,0.12772369384765625,0
779.5527169704437,1.1102546569824219,-0.05999999999994543,17.63128535522461,0.12009429931640625,0
779.5569751262665,1.0295600769042967,-0.15999999999996817,17.50797602905273,0.10483551025390625,0
779.5619831085205,0.9650733825683593,-0.10000000000002274,17.88715220703125,0.10483551025390625,0
779.5669794082642,0.9881782409667969,-0.08000000000004093,17.723767349853514,0.10483551025390625,0
779.5720529556274,1.0971504089355468,-0.03999999999996362,17.514141495361326,0.10483551025390625,0
779.578714132309,1.1299110290527343,-0.15999999999996817,18.30023844970703,0.10483551025390625,0
779.5927217006683,1.2485389587402342,-0.10000000000002274,17.384666702880857,0.10483551025390625,0
779.6171205043793,0.8764472839355468,-0.10000000000002274,17.72685008300781,0.12772369384765625,0
779.6291177272797,1.0316291687011718,-0.10000000000002274,17.79775294555664,0.12009429931640625,0
779.6332578659058,1.0536994812011717,-0.05999999999994543,17.689857285156247,0.09720611572265625,0
779.637289762497,1.1550849792480469,-0.08000000000004093,17.541886093749998,0.12009429931640625,0
779.6427090167999,1.1423255798339844,-0.08000000000004093,17.396997635498046,0.10483551025390625,0
779.6482012271881,1.0181800720214842,-0.03999999999996362,17.609706223144528,0.12009429931640625,0
779.6526854038239,0.9474861022949218,0.01999999999998181,17.625119888916014,0.12009429931640625,0
779.657776594162,0.9009315368652343,-0.08000000000004093,17.495645096435545,0.13535308837890625,0
779.6622362136841,0.9374854919433593,-0.03999999999996362,17.951889603271482,0.09720611572265625,0
779.6677289009094,1.0171455261230469,0.0,17.711436417236325,0.10483551025390625,0
779.6727313995361,1.0581825134277343,0.0,17.51105876220703,0.10483551025390625,0
779.6778404712677,1.0723213073730469,-0.08000000000004093,18.26016291870117,0.09720611572265625,0
779.6818416118622,1.0999091979980469,-0.01999999999998181,17.625119888916014,0.09720611572265625,0
779.6878457069397,1.0781837341308593,-0.13999999999998636,17.560382492675778,0.09720611572265625,0
779.7011728286743,0.8009254333496093,-0.10000000000002274,17.71760188354492,0.09720611572265625,0
779.7261910438538,0.8985175964355469,-0.05999999999994543,17.424742233886718,0.10483551025390625,0
779.7396848201752,0.9723152038574219,-0.12000000000000455,17.51105876220703,0.10483551025390625,0
779.7436800003052,1.0012824890136718,-0.08000000000004093,17.446321365966796,0.10483551025390625,0
779.7477385997772,1.0295600769042967,-0.03999999999996362,17.603540756835937,0.09720611572265625,0
779.753205537796,1.0030067321777343,-0.01999999999998181,17.575796158447265,0.12009429931640625,0
779.7572085857391,1.0112830993652342,0.0,17.486396896972654,0.10483551025390625,0
779.7622187137604,1.0650794860839843,0.0,17.770008347167966,0.12009429931640625,0
779.7677161693573,1.0326637145996094,-0.13999999999998636,17.711436417236325,0.10483551025390625,0
779.7727251052856,0.9799018737792968,-0.10000000000002274,17.50181056274414,0.10483551025390625,0
779.7777276039124,0.9461067077636718,-0.08000000000004093,18.155349991455076,0.12009429931640625,0
779.782229423523,0.9230018493652343,-0.05999999999994543,17.606623489990234,0.09720611572265625,0
779.7873020172119,0.8967933532714844,-0.05999999999994543,17.535720627441403,0.12009429931640625,0
779.7927694320679,0.8716194030761718,-0.03999999999996362,17.369253037109374,0.12772369384765625,0
779.7987084388733,0.8554115173339844,0.0,17.594292557373045,0.10483551025390625,0
779.8020799160004,0.8516181823730469,0.01999999999998181,17.597375290527342,0.14298248291015625,0
779.8211252689362,0.8792060729980469,-0.08000000000004093,17.50797602905273,0.10483551025390625,0
779.8421428203583,0.9664527770996093,0.08000000000004093,17.37233577026367,0.12772369384765625,0
779.8521616458893,1.0119727966308594,-0.01999999999998181,17.609706223144528,0.12772369384765625,0
779.8561542034149,1.0212837097167968,-0.10000000000002274,17.492562363281248,0.10483551025390625,0
779.8602068424225,1.0478370544433593,-0.05999999999994543,17.55113429321289,0.12772369384765625,0
779.8642876148224,1.0519752380371092,-0.03999999999996362,17.591209824218748,0.12772369384765625,0
779.8681688308716,1.0726661560058592,-0.03999999999996362,17.662112686767575,0.09720611572265625,0
779.8732187747955,1.0523200866699218,-0.01999999999998181,17.492562363281248,0.12009429931640625,0
779.8771889209747,1.0737007019042968,0.0,18.189260056152342,0.09720611572265625,0
779.8821938037872,1.071631610107422,0.0,17.603540756835937,0.10483551025390625,0
779.8871943950653,1.0043861267089842,0.0,17.544968826904295,0.10483551025390625,0
779.8922026157379,0.9857643005371093,-0.10000000000002274,17.396997635498046,0.12009429931640625,0
779.897219657898,0.9767982360839843,-0.08000000000004093,17.591209824218748,0.10483551025390625,0
779.902220249176,0.9626594421386718,-0.03999999999996362,17.609706223144528,0.10483551025390625,0
779.9073419570923,0.9423133728027343,-0.03999999999996362,17.48947963012695,0.08957672119140625,0
779.9217748641968,0.9095527526855468,-0.03999999999996362,17.523389694824218,0.09720611572265625,0
779.9456760883331,0.9716255065917968,0.0,18.133770859374998,0.12009429931640625,0
779.9576761722565,1.0809425231933594,-0.10000000000002274,17.486396896972654,0.09720611572265625,0
779.9620628356934,1.026801287841797,-0.13999999999998636,17.77617381347656,0.12009429931640625,0
779.9677138328552,1.0454231140136718,-0.08000000000004093,17.711436417236325,0.12772369384765625,0
779.9727165699005,1.0861152526855469,-0.08000000000004093,17.51105876220703,0.10483551025390625,0
779.9771201610565,1.0668037292480468,-0.03999999999996362,18.0320406652832,0.10483551025390625,0
779.9832088947296,1.0461128112792968,-0.01999999999998181,17.683691818847656,0.12009429931640625,0
779.9872026443481,1.0226631042480467,-0.13999999999998636,17.532637894287106,0.09720611572265625,0
779.9926781654358,0.9743842956542969,0.03999999999996362,17.384666702880857,0.12772369384765625,0
779.9986884593964,0.9267951843261718,-0.10000000000002274,17.606623489990234,0.12772369384765625,0
780.0027174949646,0.9505897399902343,-0.05999999999994543,17.609706223144528,0.12772369384765625,0
780.0070698261261,0.9543830749511718,-0.05999999999994543,17.474065964355468,0.09720611572265625,0
780.0132701396942,0.9557624694824218,-0.03999999999996362,17.591209824218748,0.13535308837890625,0
780.017706155777,0.9733497497558593,-0.01999999999998181,17.69602275146484,0.10483551025390625,0
780.0366880893707,1.1099098083496093,-0.15999999999996817,17.58196162475586,0.12009429931640625,0
780.0571403503418,1.2302619812011717,0.01999999999998181,17.48023143066406,0.09720611572265625,0
780.0677177906036,1.2137092468261719,-0.03999999999996362,17.69910548461914,0.10483551025390625,0
780.0710816383362,1.2088813659667967,-0.08000000000004093,17.514141495361326,0.12009429931640625,0
780.0756855010986,1.1971565124511718,-0.03999999999996362,17.39083216918945,0.08957672119140625,0
780.0791506767273,1.147498309326172,-0.03999999999996362,17.69602275146484,0.10483551025390625,0
780.0831320285797,1.0988746520996093,-0.17999999999994998,17.68677455200195,0.10483551025390625,0
780.0881340503693,1.0392158386230468,-0.12000000000000455,17.523389694824218,0.14298248291015625,0
780.0928709506989,1.0192146179199217,-0.10000000000002274,17.4432386328125,0.09720611572265625,0
780.0971038341522,1.0464576599121094,-0.10000000000002274,17.58196162475586,0.10483551025390625,0
780.1031308174133,1.0695625183105468,-0.03999999999996362,17.575796158447265,0.12009429931640625,0
780.1080732345581,1.0764594909667968,-0.17999999999994998,17.387749436035154,0.09720611572265625,0
780.1132853031158,1.1219795104980468,-0.13999999999998636,17.58812709106445,0.13535308837890625,0
780.1175911426544,1.1547401306152343,-0.10000000000002274,17.69602275146484,0.12009429931640625,0
780.1221203804016,1.1678443786621093,-0.10000000000002274,17.50181056274414,0.10483551025390625,0
780.128740310669,1.2247444030761718,-0.08000000000004093,18.087529862060546,0.09720611572265625,0
780.1417145729065,1.2268134948730467,-0.03999999999996362,17.446321365966796,0.10483551025390625,0
780.1648736000061,0.9278297302246094,-0.15999999999996817,17.572713425292967,0.12009429931640625,0
780.178713798523,1.0433540222167967,-0.08000000000004093,18.139936325683593,0.12009429931640625,0
780.1827721595764,1.119910418701172,-0.05999999999994543,17.585044357910153,0.09720611572265625,0
780.1877748966217,1.1412910339355469,-0.12000000000000455,17.51105876220703,0.10483551025390625,0
780.19358253479,1.1361183044433594,-0.08000000000004093,17.41241130126953,0.12009429931640625,0
780.1977016925812,1.1226692077636717,-0.05999999999994543,17.560382492675778,0.12009429931640625,0
780.2027678489685,1.0226631042480467,-0.15999999999996817,17.55113429321289,0.10483551025390625,0
780.2077853679657,0.9147254821777343,-0.15999999999996817,17.47098323120117,0.10483551025390625,0
780.2127892971039,0.9202430603027343,-0.15999999999996817,17.711436417236325,0.12009429931640625,0
780.2177927494049,0.9833503601074218,-0.08000000000004093,17.692940018310544,0.12772369384765625,0
780.2223176956177,1.0809425231933594,0.0,17.47098323120117,0.13535308837890625,0
780.227765083313,1.1102546569824219,-0.10000000000002274,17.92414500488281,0.12772369384765625,0
780.2327709197998,1.2026740905761717,-0.05999999999994543,17.560382492675778,0.10483551025390625,0
780.2467856407166,1.1857765075683593,-0.17999999999994998,17.560382492675778,0.13535308837890625,0
780.2711470127106,1.0585273620605469,-0.17999999999994998,17.47098323120117,0.13535308837890625,0
780.2831566333771,1.1409461853027343,-0.01999999999998181,17.615871689453122,0.13535308837890625,0
780.2881555557251,1.1571540710449217,-0.12000000000000455,17.45865229858398,0.12772369384765625,0
780.2932980060577,1.2171577331542969,-0.17999999999994998,17.366170303955077,0.13535308837890625,0
780.2976739406586,1.2188819763183594,0.01999999999998181,17.529555161132812,0.12772369384765625,0
780.3027787208557,1.2119850036621094,0.01999999999998181,17.563465225830075,0.12009429931640625,0
780.3077828884125,1.1881904479980467,-0.10000000000002274,17.427824967041015,0.12772369384765625,0
780.3118929862976,1.1806037780761718,-0.03999999999996362,17.74534648193359,0.10483551025390625,0
780.3171982765198,0.9899024841308594,0.0,17.67752635253906,0.09720611572265625,0
780.3227686882019,0.8447212097167969,-0.12000000000000455,17.483314163818356,0.10483551025390625,0
780.3277342319489,0.9357612487792968,-0.10000000000002274,18.025875198974607,0.10483551025390625,0
780.3337233066559,1.0430091735839844,-0.10000000000002274,17.665195419921872,0.08957672119140625,0
780.3377261161804,0.9919715759277343,-0.03999999999996362,17.52030696166992,0.12009429931640625,0
780.3427293300629,1.0554237243652342,0.0,17.36308757080078,0.10483551025390625,0
780.3559868335724,1.1161170837402343,-0.12000000000000455,17.483314163818356,0.10483551025390625,0
780.3801975250244,1.175086199951172,-0.08000000000004093,17.591209824218748,0.10483551025390625,0
780.3943777084351,0.8378242370605469,-0.17999999999994998,18.195425522460937,0.10483551025390625,0
780.3977558612823,0.8812751647949219,-0.03999999999996362,17.603540756835937,0.12772369384765625,0
780.4021446704865,0.9743842956542969,-0.13999999999998636,17.625119888916014,0.09720611572265625,0
780.4077360630035,0.9254157897949218,-0.12000000000000455,17.492562363281248,0.12009429931640625,0
780.4122478961945,0.9654182312011719,-0.08000000000004093,17.868655808105466,0.10483551025390625,0
780.4171395301819,1.0016273376464844,-0.08000000000004093,17.71760188354492,0.10483551025390625,0
780.4221456050873,1.0964607116699219,-0.22000000000002728,17.514141495361326,0.12772369384765625,0
780.4281802177429,1.1054267761230467,-0.01999999999998181,18.432795975341794,0.08957672119140625,0
780.4331862926483,1.1237037536621093,0.01999999999998181,17.69910548461914,0.12009429931640625,0
780.4381501674652,1.1912940856933594,0.05999999999994543,17.514141495361326,0.09720611572265625,0
780.4431505203247,1.2016395446777344,-0.08000000000004093,17.433990433349607,0.10483551025390625,0
780.4471607208252,1.2299171325683593,-0.05999999999994543,17.594292557373045,0.09720611572265625,0
780.4537715911865,1.2495735046386718,-0.05999999999994543,17.566547958984373,0.12009429931640625,0
780.457768201828,1.2799201843261718,-0.03999999999996362,17.50181056274414,0.10483551025390625,0
780.4766867160797,1.1933631774902342,-0.15999999999996817,17.427824967041015,0.12772369384765625,0
780.4966943264008,1.140601336669922,-0.13999999999998636,17.652864487304686,0.12009429931640625,0
780.50670170784,1.1878455993652344,-0.01999999999998181,17.504893295898437,0.12772369384765625,0
780.5107049942017,1.2368141052246093,-0.05999999999994543,17.74534648193359,0.10483551025390625,0
780.5148041248322,1.2726783630371092,-0.15999999999996817,17.603540756835937,0.12009429931640625,0
780.5188105106354,1.2957832214355467,0.0,17.66827815307617,0.10483551025390625,0
780.5239055156708,1.3316474792480468,0.0,17.48947963012695,0.08957672119140625,0
780.5277042388916,1.3585456726074219,0.03999999999996362,18.438961441650388,0.12772369384765625,0
780.5326840877533,1.3816505310058593,-0.05999999999994543,17.603540756835937,0.10483551025390625,0
780.5376873016357,1.3892372009277343,-0.05999999999994543,17.529555161132812,0.10483551025390625,0
780.5426826477051,1.3895820495605469,-0.05999999999994543,17.39083216918945,0.10483551025390625,0
780.5477011203766,1.3664771911621092,0.0,17.597375290527342,0.12009429931640625,0
780.5526914596558,1.3192329284667967,-0.12000000000000455,17.625119888916014,0.10483551025390625,0
780.5577397346497,1.2319862243652342,-0.08000000000004093,17.48947963012695,0.12772369384765625,0
780.5628173351288,1.1447395202636719,-0.05999999999994543,17.868655808105466,0.12009429931640625,0
780.566817522049,1.140601336669922,-0.03999999999996362,17.723767349853514,0.12009429931640625,0
780.585832118988,1.2599189636230468,-0.03999999999996362,17.594292557373045,0.09720611572265625,0
780.6076955795288,1.3023353454589843,-0.13999999999998636,17.492562363281248,0.12009429931640625,0
780.6187076568604,0.9981788513183594,-0.15999999999996817,17.69602275146484,0.10483551025390625,0
780.6219267845154,0.8254096862792969,-0.17999999999994998,17.535720627441403,0.12009429931640625,0
780.6287124156952,0.8802406188964843,-0.10000000000002274,18.14301905883789,0.12009429931640625,0
780.6327667236328,0.9509345886230468,-0.01999999999998181,17.63128535522461,0.10483551025390625,0
780.6381235122681,1.0261115905761717,-0.01999999999998181,17.532637894287106,0.10483551025390625,0
780.6431634426117,1.0761146423339842,-0.15999999999996817,17.449404099121093,0.12772369384765625,0
780.6487123966217,1.1316352722167968,0.03999999999996362,17.625119888916014,0.08957672119140625,0
780.652117729187,1.119910418701172,0.08000000000004093,17.64978175415039,0.10483551025390625,0
780.6587038040161,1.1950874206542967,-0.05999999999994543,17.41241130126953,0.10483551025390625,0
780.6627101898193,1.1926734802246093,-0.15999999999996817,17.733015549316406,0.10483551025390625,0
780.6676459312439,1.1333595153808593,-0.15999999999996817,17.72993281616211,0.10483551025390625,0
780.6736578941345,1.1540504333496093,0.03999999999996362,17.523389694824218,0.12772369384765625,0
780.6866788864136,0.9847297546386719,-0.10000000000002274,17.609706223144528,0.10483551025390625,0
780.7106873989105,1.1340492126464843,0.10000000000002274,17.606623489990234,0.12009429931640625,0
780.7237067222595,1.2299171325683593,-0.13999999999998636,17.474065964355468,0.10483551025390625,0
780.7277653217316,1.2409522888183593,-0.10000000000002274,18.158432724609373,0.12009429931640625,0
780.7331809997559,1.1768104431152344,-0.17999999999994998,17.68677455200195,0.12009429931640625,0
780.737714767456,1.0871497985839844,-0.13999999999998636,17.532637894287106,0.09720611572265625,0
780.7427070140839,0.9309333679199219,-0.10000000000002274,17.39083216918945,0.12772369384765625,0
780.7477602958679,0.8626533386230468,-0.05999999999994543,17.603540756835937,0.09720611572265625,0
780.7532212734222,0.9309333679199219,-0.05999999999994543,17.572713425292967,0.12009429931640625,0
780.757753610611,1.0095588562011717,-0.13999999999998636,17.504893295898437,0.09720611572265625,0
780.7630906105042,1.0061103698730467,-0.08000000000004093,17.615871689453122,0.12772369384765625,0
780.7686440944672,1.0643897888183593,-0.05999999999994543,17.671360886230467,0.09720611572265625,0
780.7726902961731,1.1357734558105468,-0.17999999999994998,17.504893295898437,0.12772369384765625,0
780.77769947052,1.1299110290527343,-0.13999999999998636,18.306403916015622,0.09720611572265625,0
780.7827606201172,1.0943916198730468,-0.13999999999998636,17.612788956298825,0.10483551025390625,0
780.8012502193451,0.8343757507324219,-0.05999999999994543,17.692940018310544,0.12772369384765625,0
780.8212602138519,1.1202552673339843,-0.03999999999996362,17.526472427978515,0.09720611572265625,0
780.8313949108124,1.1674995300292967,-0.03999999999996362,17.594292557373045,0.10483551025390625,0
780.8353667259216,1.2271583435058593,-0.03999999999996362,17.643616287841795,0.12009429931640625,0
780.838449716568,1.2575050231933593,-0.12000000000000455,17.51105876220703,0.10483551025390625,0
780.8424565792084,1.1961219665527343,0.05999999999994543,17.378501236572262,0.10483551025390625,0
780.84734582901,1.1733619567871094,0.05999999999994543,17.603540756835937,0.12009429931640625,0
780.8527038097382,1.1609474060058593,-0.05999999999994543,17.625119888916014,0.09720611572265625,0
780.8576822280884,1.0723213073730469,-0.15999999999996817,17.48947963012695,0.12009429931640625,0
780.8622331619263,0.9992133972167968,0.01999999999998181,17.813166611328125,0.12772369384765625,0
780.8677093982697,1.0195594665527343,-0.10000000000002274,17.711436417236325,0.10483551025390625,0
780.8727672100067,1.092322528076172,-0.10000000000002274,17.50797602905273,0.10483551025390625,0
780.8771755695343,1.1109443542480468,-0.01999999999998181,18.183094589843748,0.12009429931640625,0
780.8822708129883,1.1423255798339844,-0.13999999999998636,17.603540756835937,0.12009429931640625,0
780.8873870372772,1.2154334899902344,-0.12000000000000455,17.529555161132812,0.10483551025390625,0
780.8923881053925,1.2454353210449218,-0.08000000000004093,17.384666702880857,0.10483551025390625,0
780.9116687774658,1.3499244567871094,-0.08000000000004093,18.173846390380856,0.10483551025390625,0
780.9323449134827,1.2354347106933592,-0.20000000000004547,17.594292557373045,0.10483551025390625,0
780.9433445930481,1.1761207458496092,-0.05999999999994543,17.418576767578124,0.12772369384765625,0
780.9471385478973,1.1995704528808593,-0.08000000000004093,17.575796158447265,0.13535308837890625,0
780.9533371925354,1.2495735046386718,-0.01999999999998181,17.532637894287106,0.09720611572265625,0
780.9577429294586,1.2730232116699218,-0.15999999999996817,17.45865229858398,0.09720611572265625,0
780.9633464813232,1.3037147399902342,-0.15999999999996817,17.575796158447265,0.12009429931640625,0
780.9671750068665,1.3299232360839843,-0.12000000000000455,17.674443619384764,0.10483551025390625,0
780.9727554321289,1.3602699157714844,-0.05999999999994543,17.48023143066406,0.12009429931640625,0
780.9783277511597,1.4075141784667968,-0.03999999999996362,18.207756455078123,0.10483551025390625,0
780.9823458194733,1.4057899353027343,-0.01999999999998181,17.572713425292967,0.12772369384765625,0
780.9874217510223,1.4064796325683593,-0.13999999999998636,17.50181056274414,0.12772369384765625,0
780.9921407699585,1.4237220642089843,-0.13999999999998636,17.356922104492185,0.12772369384765625,0
780.9981718063354,1.3850990173339843,-0.08000000000004093,17.572713425292967,0.14298248291015625,0
781.0030162334442,1.2744026062011717,-0.05999999999994543,17.544968826904295,0.12009429931640625,0
781.0160841941833,1.1847419616699217,-0.01999999999998181,17.622037155761717,0.12009429931640625,0
781.0406670570374,1.3737190124511718,0.01999999999998181,17.464817764892576,0.12009429931640625,0
781.0530445575714,1.4778632995605467,-0.05999999999994543,17.523389694824218,0.13535308837890625,0
781.0570878982544,1.4388954040527342,-0.05999999999994543,17.433990433349607,0.12772369384765625,0
781.0629761219025,1.3357856628417968,-0.13999999999998636,17.55113429321289,0.08957672119140625,0
781.0670549869537,1.1795692321777342,0.05999999999994543,17.665195419921872,0.13535308837890625,0
781.0727593898773,1.0385261413574218,-0.05999999999994543,17.483314163818356,0.10483551025390625,0
781.0780959129333,1.1109443542480468,-0.03999999999996362,18.038206131591796,0.14298248291015625,0
781.0831050872803,1.2537116882324217,-0.08000000000004093,17.6374508215332,0.12009429931640625,0
781.08811211586,1.2657813903808592,-0.20000000000004547,17.467900498046873,0.13535308837890625,0
781.093118429184,1.2923347351074217,-0.20000000000004547,17.400080368652343,0.12009429931640625,0
781.0987021923065,1.3806159851074218,0.0,17.560382492675778,0.12772369384765625,0
781.1022007465363,1.3682014343261717,-0.10000000000002274,17.563465225830075,0.13535308837890625,0
781.1071274280548,1.3619941589355469,-0.05999999999994543,17.4401558996582,0.10483551025390625,0
781.1131315231323,1.3430274841308594,-0.05999999999994543,17.548051560058592,0.12009429931640625,0
781.1271793842316,1.2171577331542969,-0.05999999999994543,18.10294352783203,0.12009429931640625,0
781.1513016223907,1.2640571472167967,-0.08000000000004093,17.665195419921872,0.10483551025390625,0
781.1638977527618,1.1733619567871094,-0.13999999999998636,17.594292557373045,0.10483551025390625,0
781.1683337688446,0.9919715759277343,-0.10000000000002274,17.66827815307617,0.10483551025390625,0
781.1727502346039,0.8212715026855468,0.0,17.532637894287106,0.10483551025390625,0
781.1782863140106,0.8823097106933593,0.0,18.303321182861325,0.12772369384765625,0
781.182290315628,0.9909370300292968,-0.10000000000002274,17.615871689453122,0.09720611572265625,0
781.1873641014099,0.9974891540527343,-0.05999999999994543,17.55113429321289,0.12009429931640625,0
781.1927006244659,1.0433540222167967,-0.03999999999996362,17.400080368652343,0.09720611572265625,0
781.1977822780609,1.1226692077636717,-0.15999999999996817,17.594292557373045,0.09720611572265625,0
781.2023031711578,1.1423255798339844,-0.15999999999996817,17.62820262207031,0.09720611572265625,0
781.2074673175812,1.1054267761230467,-0.08000000000004093,17.51105876220703,0.10483551025390625,0
781.212486743927,1.0812873718261717,-0.03999999999996362,17.773091080322263,0.12009429931640625,0
781.217572927475,1.1154273864746094,-0.01999999999998181,17.72685008300781,0.13535308837890625,0
781.2307169437408,0.9133460876464843,-0.13999999999998636,17.622037155761717,0.10483551025390625,0
781.2541542053223,1.0557685729980468,0.05999999999994543,17.529555161132812,0.12009429931640625,0
781.2666070461273,1.1833625671386718,-0.01999999999998181,17.652864487304686,0.10483551025390625,0
781.2701778411865,1.1823280212402343,-0.01999999999998181,17.544968826904295,0.09720611572265625,0
781.2741985321045,1.2043983337402342,-0.10000000000002274,17.483314163818356,0.12009429931640625,0
781.2796745300293,1.2606086608886717,-0.10000000000002274,17.683691818847656,0.10483551025390625,0
781.283575296402,1.2530219909667968,-0.03999999999996362,17.689857285156247,0.12009429931640625,0
781.2881610393524,1.188880145263672,-0.01999999999998181,17.52030696166992,0.10483551025390625,0
781.2933065891266,1.1768104431152344,-0.15999999999996817,17.449404099121093,0.12009429931640625,0
781.2976787090302,1.1540504333496093,-0.15999999999996817,17.606623489990234,0.10483551025390625,0
781.302337884903,1.0657691833496092,-0.08000000000004093,17.63128535522461,0.12009429931640625,0
781.3071823120117,0.9809364196777344,-0.05999999999994543,17.50797602905273,0.10483551025390625,0
781.312287569046,1.0188697692871094,-0.03999999999996362,17.85632487548828,0.12009429931640625,0
781.3177149295807,1.1171516296386719,0.0,17.714519150390622,0.12772369384765625,0
781.3227059841156,1.1388770935058594,0.0,17.51105876220703,0.09720611572265625,0
781.3287179470062,1.2150886413574218,-0.22000000000002728,18.3279830480957,0.12772369384765625,0
781.3327198028564,1.2644019958496093,-0.17999999999994998,17.622037155761717,0.10483551025390625,0
781.3511536121368,1.0012824890136718,-0.12000000000000455,17.69910548461914,0.10483551025390625,0
781.3711745738983,1.192328631591797,-0.08000000000004093,17.548051560058592,0.08957672119140625,0
781.3811783790588,1.3199226257324217,-0.20000000000004547,17.625119888916014,0.10483551025390625,0
781.3841981887817,1.2916450378417967,0.0,17.72993281616211,0.08957672119140625,0
781.3882095813751,1.2202613708496093,0.0,17.548051560058592,0.09720611572265625,0
781.3926653862,1.1523261901855468,0.08000000000004093,17.424742233886718,0.10483551025390625,0
781.3976821899414,1.0926673767089843,-0.15999999999996817,17.615871689453122,0.09720611572265625,0
781.4032096862793,1.0316291687011718,-0.13999999999998636,17.572713425292967,0.12009429931640625,0
781.407753944397,1.0361122009277344,-0.10000000000002274,17.51105876220703,0.10483551025390625,0
781.4126992225647,1.1161170837402343,-0.10000000000002274,17.89331767333984,0.12772369384765625,0
781.4177141189575,1.1254279968261718,-0.05999999999994543,17.72685008300781,0.12772369384765625,0
781.4227168560028,1.1606025573730467,-0.13999999999998636,17.52030696166992,0.09720611572265625,0
781.4276161193848,1.1630164978027344,-0.13999999999998636,18.263245651855467,0.09720611572265625,0
781.4323229789734,1.2140540954589842,-0.10000000000002274,17.609706223144528,0.12772369384765625,0
781.4376819133759,1.2309516784667969,-0.10000000000002274,17.532637894287106,0.12009429931640625,0
781.4426372051239,1.2461250183105468,-0.03999999999996362,17.378501236572262,0.10483551025390625,0
781.4610679149628,1.2802650329589842,-0.15999999999996817,18.463623306884763,0.09720611572265625,0
781.481760263443,1.1933631774902342,0.0,17.575796158447265,0.12009429931640625,0
781.4916167259216,1.0861152526855469,-0.08000000000004093,17.4401558996582,0.08957672119140625,0
781.4950597286224,0.9926612731933593,-0.01999999999998181,18.364975845947264,0.12772369384765625,0
781.4996857643127,0.8754127380371093,0.01999999999998181,17.606623489990234,0.12772369384765625,0
781.5020248889923,0.8692054626464844,-0.12000000000000455,17.615871689453122,0.10483551025390625,0
781.5070424079895,0.9578315612792968,-0.12000000000000455,17.483314163818356,0.10483551025390625,0
781.5132269859314,0.9902473327636718,-0.08000000000004093,17.603540756835937,0.10483551025390625,0
781.5176186561584,0.9702461120605468,-0.03999999999996362,17.71760188354492,0.12772369384765625,0
781.5226800441742,1.0650794860839843,-0.01999999999998181,17.51105876220703,0.12009429931640625,0
781.5276963710785,1.0761146423339842,-0.15999999999996817,18.36805857910156,0.09720611572265625,0
781.5327517986298,1.0861152526855469,-0.15999999999996817,17.612788956298825,0.09720611572265625,0
781.5381550788879,1.1823280212402343,-0.10000000000002274,17.523389694824218,0.10483551025390625,0
781.5431742668152,1.1616371032714843,-0.05999999999994543,17.433990433349607,0.09720611572265625,0
781.5477066040039,1.1843971130371094,-0.03999999999996362,17.603540756835937,0.12772369384765625,0
781.5532326698303,1.1885352966308593,-0.01999999999998181,17.566547958984373,0.10483551025390625,0
781.5662360191345,1.0054206726074217,0.0,17.646699020996092,0.09720611572265625,0
781.5902569293976,1.0078346130371092,-0.12000000000000455,17.504893295898437,0.12772369384765625,0
781.6026031970978,1.1592231628417968,-0.03999999999996362,17.615871689453122,0.10483551025390625,0
781.6076862812042,1.1637061950683594,-0.15999999999996817,17.48947963012695,0.10483551025390625,0
781.6136128902435,1.1512916442871093,-0.05999999999994543,17.612788956298825,0.09720611572265625,0
781.6181743144989,1.0609413024902343,-0.01999999999998181,17.665195419921872,0.09720611572265625,0
781.6231918334961,0.9474861022949218,0.01999999999998181,17.51105876220703,0.12009429931640625,0
781.6281182765961,0.8764472839355468,0.01999999999998181,18.66400096191406,0.09720611572265625,0
781.6326968669891,0.8781715270996093,-0.05999999999994543,17.615871689453122,0.12009429931640625,0
781.637181520462,0.9836952087402343,-0.01999999999998181,17.535720627441403,0.12772369384765625,0
781.6426675319672,1.0164558288574217,-0.13999999999998636,17.387749436035154,0.10483551025390625,0
781.6481127738953,1.0650794860839843,-0.10000000000002274,17.603540756835937,0.12009429931640625,0
781.6537523269653,1.1185310241699218,-0.17999999999994998,17.566547958984373,0.08957672119140625,0
781.6586680412292,1.1409461853027343,0.0,17.418576767578124,0.10483551025390625,0
781.672750711441,1.0788734313964843,0.0,17.50797602905273,0.12772369384765625,0
781.6981046199799,1.0905982849121094,-0.12000000000000455,17.58812709106445,0.12009429931640625,0
781.7081451416016,1.2006049987792968,0.0,17.384666702880857,0.12772369384765625,0
781.7131540775299,1.2206062194824219,0.08000000000004093,17.591209824218748,0.12772369384765625,0
781.7182149887085,1.2095710632324217,-0.15999999999996817,17.643616287841795,0.10483551025390625,0
781.7222487926483,1.1861213562011719,-0.12000000000000455,17.486396896972654,0.12009429931640625,0
781.7277565002441,1.1419807312011718,-0.08000000000004093,18.51602977050781,0.10483551025390625,0
781.732691526413,1.0423194763183594,-0.20000000000004547,17.585044357910153,0.10483551025390625,0
781.7371928691864,0.9992133972167968,-0.15999999999996817,17.514141495361326,0.10483551025390625,0
781.7421646118164,1.0626655456542968,-0.15999999999996817,17.366170303955077,0.12009429931640625,0
781.7478022575378,1.1171516296386719,-0.10000000000002274,17.572713425292967,0.10483551025390625,0
781.7537913322449,1.1437049743652343,-0.01999999999998181,17.548051560058592,0.12772369384765625,0
781.7567768096924,1.2057777282714843,-0.13999999999998636,17.46173503173828,0.12009429931640625,0
781.7617795467377,1.2568153259277344,-0.08000000000004093,17.791587479248044,0.12772369384765625,0
781.7677836418152,1.2799201843261718,-0.05999999999994543,17.683691818847656,0.12772369384765625,0
781.7810997962952,1.2902656433105468,-0.05999999999994543,17.560382492675778,0.14298248291015625,0
781.8051161766052,1.2057777282714843,-0.13999999999998636,17.464817764892576,0.12772369384765625,0
781.8171257972717,1.2712989685058593,-0.17999999999994998,17.662112686767575,0.12772369384765625,0
781.8231270313263,1.3064735290527343,-0.01999999999998181,17.433990433349607,0.12772369384765625,0
781.8281753063202,1.3347511169433592,-0.10000000000002274,18.315652115478514,0.12009429931640625,0
781.8326690196991,1.3540626403808593,-0.10000000000002274,17.563465225830075,0.12009429931640625,0
781.8386442661285,1.4226875183105467,-0.05999999999994543,17.464817764892576,0.12772369384765625,0
781.8425714969635,1.3816505310058593,0.0,17.3415084387207,0.09720611572265625,0
781.8475739955902,1.3871681091308592,-0.10000000000002274,17.544968826904295,0.10483551025390625,0
781.8526930809021,1.3819953796386717,-0.08000000000004093,17.55113429321289,0.12772369384765625,0
781.8576927185059,1.2926795837402343,-0.05999999999994543,17.424742233886718,0.14298248291015625,0
781.862744808197,1.2492286560058592,0.01999999999998181,17.853242142333983,0.12009429931640625,0
781.8672080039978,1.2650916931152343,0.01999999999998181,17.634368088378903,0.12772369384765625,0
781.8736684322357,1.2381934997558592,0.03999999999996362,17.403163101806637,0.14298248291015625,0
781.8771386146545,1.3292335388183594,-0.05999999999994543,18.201590988769528,0.14298248291015625,0
781.8961164951324,1.3233711120605467,-0.03999999999996362,17.55113429321289,0.10483551025390625,0
781.9171283245087,1.2175025817871092,-0.17999999999994998,17.68677455200195,0.10483551025390625,0
781.9277548789978,1.0061103698730467,-0.05999999999994543,18.02279246582031,0.12009429931640625,0
781.9331703186035,0.8971382019042968,-0.08000000000004093,17.69602275146484,0.10483551025390625,0
781.9371767044067,0.9230018493652343,-0.01999999999998181,17.526472427978515,0.12772369384765625,0
781.9431793689728,1.0592170593261718,-0.13999999999998636,17.4401558996582,0.12772369384765625,0
781.9487001895905,1.0250770446777344,-0.10000000000002274,17.615871689453122,0.10483551025390625,0
781.9521975517273,1.0419746276855468,-0.05999999999994543,17.62820262207031,0.10483551025390625,0
781.9577419757843,1.1743965026855467,-0.05999999999994543,17.48947963012695,0.10483551025390625,0
781.9630670547485,1.1343940612792969,-0.15999999999996817,17.615871689453122,0.09720611572265625,0
781.9686920642853,1.1423255798339844,-0.13999999999998636,17.655947220458984,0.13535308837890625,0
781.9722309112549,1.2268134948730467,-0.08000000000004093,17.523389694824218,0.10483551025390625,0
781.9776585102081,1.1364631530761717,-0.08000000000004093,18.414299576416013,0.10483551025390625,0
781.9824104309082,0.9995582458496093,-0.05999999999994543,17.63128535522461,0.12009429931640625,0
781.9874169826508,1.0088691589355467,-0.01999999999998181,17.544968826904295,0.09720611572265625,0
782.0006647109985,1.0043861267089842,0.01999999999998181,17.711436417236325,0.09720611572265625,0
782.024335861206,1.1937080261230468,-0.10000000000002274,17.48023143066406,0.12772369384765625,0
782.0363450050354,1.2154334899902344,0.0,17.591209824218748,0.10483551025390625,0
782.0393455028534,1.2081916687011718,-0.13999999999998636,17.51105876220703,0.10483551025390625,0
782.0426828861237,1.1943977233886718,-0.08000000000004093,17.396997635498046,0.10483551025390625,0
782.0473756790161,1.1016334411621094,-0.08000000000004093,17.606623489990234,0.10483551025390625,0
782.0526576042175,0.9850746032714843,-0.05999999999994543,17.634368088378903,0.09720611572265625,0
782.0580406188965,0.9350715515136718,-0.13999999999998636,17.42165950073242,0.10483551025390625,0
782.0626640319824,1.0081794616699218,-0.10000000000002274,17.72993281616211,0.10483551025390625,0
782.0676720142365,1.0757697937011719,-0.05999999999994543,17.71760188354492,0.12009429931640625,0
782.07337641716,1.1047370788574218,0.0,17.50181056274414,0.08957672119140625,0
782.0776600837708,1.1309455749511719,0.0,18.056702530517576,0.10483551025390625,0
782.0832054615021,1.1961219665527343,-0.12000000000000455,17.711436417236325,0.10483551025390625,0
782.0872008800507,1.2106056091308592,-0.08000000000004093,17.529555161132812,0.10483551025390625,0
782.0922389030457,1.2050880310058594,-0.03999999999996362,17.39083216918945,0.09720611572265625,0
782.097496509552,1.1833625671386718,-0.01999999999998181,17.591209824218748,0.12009429931640625,0
782.1106879711151,0.9495551940917968,-0.01999999999998181,17.58196162475586,0.08957672119140625,0
782.1347494125366,1.0633552429199218,-0.10000000000002274,17.714519150390622,0.10483551025390625,0
782.1470596790314,1.1637061950683594,-0.17999999999994998,17.622037155761717,0.09720611572265625,0
782.1516528129578,1.1740516540527344,-0.15999999999996817,17.70835368408203,0.09720611572265625,0
782.1560571193695,1.2316413757324218,-0.15999999999996817,17.529555161132812,0.09720611572265625,0
782.1601994037628,1.2140540954589842,-0.08000000000004093,17.6374508215332,0.10483551025390625,0
782.1647567749023,1.1795692321777342,-0.17999999999994998,17.63128535522461,0.10483551025390625,0
782.1686625480652,1.1616371032714843,0.0,17.689857285156247,0.12009429931640625,0
782.1732823848724,1.0657691833496092,0.0,17.529555161132812,0.12772369384765625,0
782.1774365901947,1.0064552185058593,-0.10000000000002274,18.001213333740232,0.10483551025390625,0
782.1825306415558,1.0123176452636717,-0.05999999999994543,17.625119888916014,0.10483551025390625,0
782.1876685619354,1.0757697937011719,-0.05999999999994543,17.544968826904295,0.10483551025390625,0
782.1926546096802,1.0788734313964843,-0.03999999999996362,17.403163101806637,0.10483551025390625,0
782.1970574855804,1.0933570739746092,-0.13999999999998636,17.603540756835937,0.10483551025390625,0
782.2033188343048,1.1695686218261718,-0.12000000000000455,17.575796158447265,0.10483551025390625,0
782.2070751190186,1.1692237731933592,-0.08000000000004093,17.492562363281248,0.10483551025390625,0
782.2260854244232,1.2961280700683593,-0.05999999999994543,17.42165950073242,0.10483551025390625,0
782.2467541694641,1.2819892761230467,-0.03999999999996362,17.597375290527342,0.12009429931640625,0
782.256023645401,1.2088813659667967,-0.10000000000002274,17.486396896972654,0.12772369384765625,0
782.260116815567,1.192328631591797,0.0,17.733015549316406,0.09720611572265625,0
782.2641170024872,1.1430152770996094,0.05999999999994543,17.58812709106445,0.12009429931640625,0
782.2691516876221,1.0857704040527343,0.05999999999994543,17.603540756835937,0.09720611572265625,0
782.273567199707,1.0978401062011718,-0.05999999999994543,17.486396896972654,0.12009429931640625,0
782.2767918109894,1.1747413513183593,-0.03999999999996362,18.115274460449218,0.12009429931640625,0
782.2835485935211,1.1799140808105468,-0.03999999999996362,17.70835368408203,0.10483551025390625,0
782.2871572971344,1.2026740905761717,-0.15999999999996817,17.529555161132812,0.09720611572265625,0
782.2933173179626,1.2688850280761719,-0.12000000000000455,17.4432386328125,0.09720611572265625,0
782.297087430954,1.2954383728027343,-0.10000000000002274,17.591209824218748,0.12009429931640625,0
782.3021249771118,1.3213020202636718,-0.05999999999994543,17.625119888916014,0.10483551025390625,0
782.3081212043762,1.3578559753417967,-0.03999999999996362,17.40932856811523,0.10483551025390625,0
782.3131237030029,1.3495796081542968,-0.15999999999996817,17.597375290527342,0.10483551025390625,0
782.3269643783569,1.3509590026855467,-0.15999999999996817,18.001213333740232,0.12009429931640625,0
782.3512065410614,1.168189227294922,0.03999999999996362,17.68677455200195,0.10483551025390625,0
782.3642251491547,1.2675056335449217,-0.03999999999996362,17.609706223144528,0.10483551025390625,0
782.3686664104462,1.3150947448730468,-0.03999999999996362,17.67752635253906,0.10483551025390625,0
782.372654914856,1.3323371765136718,-0.10000000000002274,17.514141495361326,0.12009429931640625,0
782.3781390190125,1.3288886901855468,-0.10000000000002274,18.27865931762695,0.12009429931640625,0
782.3831465244293,1.2802650329589842,-0.03999999999996362,17.692940018310544,0.09720611572265625,0
782.3882246017456,1.1812934753417967,-0.15999999999996817,17.526472427978515,0.10483551025390625,0
782.3922271728516,1.0354225036621094,-0.12000000000000455,17.406245834960934,0.12009429931640625,0
782.3972194194794,0.9374854919433593,-0.12000000000000455,17.609706223144528,0.10483551025390625,0
782.4026823043823,1.0499061462402344,-0.2400000000000091,17.625119888916014,0.12009429931640625,0
782.4077460765839,1.1561195251464844,-0.15999999999996817,17.486396896972654,0.10483551025390625,0
782.4134049415588,1.1654304382324219,-0.12000000000000455,17.606623489990234,0.12009429931640625,0
782.4176630973816,1.2371589538574217,-0.08000000000004093,17.70835368408203,0.12009429931640625,0
782.4225144386292,1.2850929138183593,-0.03999999999996362,17.514141495361326,0.09720611572265625,0
782.4425375461578,1.1023231384277343,-0.03999999999996362,17.400080368652343,0.10483551025390625,0
782.4885601997375,1.2588844177246092,-0.13999999999998636,17.492562363281248,0.12009429931640625,0
782.5006527900696,1.1426704284667968,-0.12000000000000455,17.692940018310544,0.09720611572265625,0
782.504579782486,1.0454231140136718,0.01999999999998181,17.495645096435545,0.12772369384765625,0
782.5085852146149,1.0050758239746094,0.01999999999998181,17.37233577026367,0.12772369384765625,0
782.5126051902771,0.9981788513183594,-0.03999999999996362,17.760760147705078,0.10483551025390625,0
782.5176005363464,1.0226631042480467,-0.17999999999994998,17.674443619384764,0.12772369384765625,0
782.5226101875305,1.0723213073730469,-0.17999999999994998,17.483314163818356,0.13535308837890625,0
782.5276551246643,1.0985298034667967,-0.10000000000002274,18.213921921386717,0.12772369384765625,0
782.5326035022736,1.1292213317871094,-0.05999999999994543,17.566547958984373,0.12772369384765625,0
782.5626294612885,1.2819892761230467,-0.03999999999996362,17.689857285156247,0.12009429931640625,0
782.6236503124237,1.2564704772949218,-0.01999999999998181,17.400080368652343,0.10483551025390625,0
782.6416614055634,1.1730171081542968,-0.03999999999996362,17.347673905029296,0.12772369384765625,0
782.6601991653442,1.2916450378417967,-0.15999999999996817,17.736098282470703,0.12009429931640625,0
782.6902220249176,1.3750984069824217,-0.08000000000004093,17.400080368652343,0.14298248291015625,0
782.7031106948853,1.3557868835449218,-0.15999999999996817,17.474065964355468,0.14298248291015625,0
782.7086341381073,1.4247566101074218,-0.08000000000004093,17.310681107177732,0.12772369384765625,0
782.7126574516296,1.4044105407714842,-0.03999999999996362,17.785422012939453,0.10483551025390625,0
782.7182626724243,1.3413032409667969,-0.17999999999994998,17.58196162475586,0.12772369384765625,0
782.7227549552917,1.3226814147949217,-0.01999999999998181,17.418576767578124,0.13535308837890625,0
782.7277407646179,1.3671668884277344,0.0,18.2293355871582,0.13535308837890625,0
782.7319850921631,1.3361305114746094,0.0,17.523389694824218,0.18112945556640625,0
782.7372941970825,1.2661262390136718,-0.12000000000000455,17.45248683227539,0.10483551025390625,0
782.7432055473328,1.2423316833496092,-0.12000000000000455,17.36308757080078,0.14298248291015625,0
782.7477076053619,1.2819892761230467,-0.10000000000002274,17.51105876220703,0.12772369384765625,0
782.7526607513428,1.1961219665527343,-0.05999999999994543,17.532637894287106,0.12772369384765625,0
782.7576608657837,1.2575050231933593,0.10000000000002274,17.400080368652343,0.12772369384765625,0
782.7836608886719,1.3440620300292967,0.10000000000002274,17.615871689453122,0.12009429931640625,0
782.8306968212128,1.0878394958496094,-0.01999999999998181,17.58196162475586,0.12772369384765625,0
782.8454976081848,1.2140540954589842,-0.03999999999996362,18.056702530517576,0.12009429931640625,0
782.849508523941,1.3071632263183592,-0.08000000000004093,17.612788956298825,0.14298248291015625,0
782.8535685539246,1.3861335632324219,-0.12000000000000455,17.563465225830075,0.10483551025390625,0
782.8575732707977,1.3713050720214843,-0.12000000000000455,17.483314163818356,0.09720611572265625,0
782.8625764846802,1.3471656677246093,0.05999999999994543,17.8378284765625,0.13535308837890625,0
782.8791682720184,1.1285316345214844,-0.20000000000004547,17.683691818847656,0.10483551025390625,0
782.9101366996765,1.3106117126464842,-0.01999999999998181,17.908731339111327,0.13535308837890625,0
782.9266731739044,1.3413032409667969,-0.20000000000004547,17.42165950073242,0.10483551025390625,0
782.9306557178497,1.3475105163574217,-0.01999999999998181,17.594292557373045,0.12772369384765625,0
782.9341065883636,1.3168189880371093,-0.08000000000004093,17.69602275146484,0.10483551025390625,0
782.938107252121,1.2650916931152343,-0.22000000000002728,17.514141495361326,0.10483551025390625,0
782.9426562786102,1.2109504577636718,-0.22000000000002728,17.400080368652343,0.08957672119140625,0
782.9477136135101,1.1226692077636717,-0.03999999999996362,17.609706223144528,0.12009429931640625,0
782.9526333808899,0.9967994567871094,0.0,17.63128535522461,0.12009429931640625,0
782.9569962024689,0.9464515563964844,0.01999999999998181,17.492562363281248,0.12009429931640625,0
782.9620845317841,1.0699073669433594,-0.08000000000004093,17.862490341796875,0.12772369384765625,0
782.9670879840851,1.0926673767089843,-0.05999999999994543,17.71760188354492,0.10483551025390625,0
782.9841935634613,1.2012946960449218,-0.05999999999994543,17.714519150390622,0.12009429931640625,0
783.0152027606964,1.1161170837402343,0.0,17.603540756835937,0.12772369384765625,0
783.0316550731659,0.9564521667480468,-0.03999999999996362,17.615871689453122,0.09720611572265625,0
783.0351958274841,1.0009376403808592,-0.03999999999996362,17.6374508215332,0.10483551025390625,0
783.0391991138458,1.0633552429199218,-0.10000000000002274,17.50797602905273,0.10483551025390625,0
783.0429573059082,1.0719764587402343,-0.10000000000002274,17.45865229858398,0.12772369384765625,0
783.0475997924805,1.0857704040527343,-0.22000000000002728,17.622037155761717,0.12772369384765625,0
783.0522763729095,1.1374976989746093,-0.03999999999996362,17.63128535522461,0.09720611572265625,0
783.0576317310333,1.1250831481933594,-0.03999999999996362,17.504893295898437,0.08957672119140625,0
783.0626413822174,1.0974952575683594,0.0,17.739181015624997,0.10483551025390625,0
783.067214012146,1.0602516052246094,-0.08000000000004093,17.739181015624997,0.12772369384765625,0
783.072224855423,1.0885291931152343,-0.05999999999994543,17.535720627441403,0.10483551025390625,0
783.0776252746582,1.085425555419922,-0.03999999999996362,18.139936325683593,0.09720611572265625,0
783.0822434425354,0.9330024597167969,0.0,17.64978175415039,0.08957672119140625,0
783.1122682094574,1.1185310241699218,0.03999999999996362,17.674443619384764,0.10483551025390625,0
783.1572964191437,1.0505958435058593,0.0,17.50181056274414,0.10483551025390625,0
783.1702938079834,1.175086199951172,0.0,17.560382492675778,0.09720611572265625,0
783.1733541488647,1.1885352966308593,-0.13999999999998636,17.495645096435545,0.09720611572265625,0
783.1775095462799,1.1747413513183593,-0.03999999999996362,17.951889603271482,0.09720611572265625,0
783.1819326877594,1.2081916687011718,-0.03999999999996362,17.615871689453122,0.12009429931640625,0
783.1869366168976,1.2185371276855468,-0.01999999999998181,17.535720627441403,0.12009429931640625,0
783.1927328109741,1.154395281982422,-0.12000000000000455,17.400080368652343,0.09720611572265625,0
783.2117445468903,0.9578315612792968,-0.08000000000004093,18.155349991455076,0.09720611572265625,0
783.2320804595947,1.1761207458496092,-0.05999999999994543,17.612788956298825,0.10483551025390625,0
783.2430872917175,1.2409522888183593,-0.08000000000004093,17.47098323120117,0.09720611572265625,0
783.2481877803802,1.2461250183105468,0.05999999999994543,17.603540756835937,0.10483551025390625,0
783.2531981468201,1.2340553161621093,0.05999999999994543,17.544968826904295,0.13535308837890625,0
783.2575540542603,1.2423316833496092,-0.01999999999998181,17.486396896972654,0.12009429931640625,0
783.2620697021484,1.2119850036621094,0.01999999999998181,17.751511948242186,0.10483551025390625,0
783.2680940628052,1.1368080017089843,-0.12000000000000455,17.655947220458984,0.12772369384765625,0
783.2726469039917,1.0978401062011718,-0.03999999999996362,17.514141495361326,0.12772369384765625,0
783.2771925926208,1.0643897888183593,-0.03999999999996362,18.414299576416013,0.09720611572265625,0
783.2826809883118,1.0585273620605469,-0.01999999999998181,17.606623489990234,0.12009429931640625,0
783.2880837917328,1.1078407165527344,-0.15999999999996817,17.50797602905273,0.09720611572265625,0
783.2932386398315,1.1271522399902343,-0.12000000000000455,17.45865229858398,0.10483551025390625,0
783.2976553440094,1.1364631530761717,-0.08000000000004093,17.591209824218748,0.12009429931640625,0
783.3123741149902,1.2547462341308593,-0.08000000000004093,17.75767741455078,0.10483551025390625,0
783.3364670276642,1.3244056579589842,-0.05999999999994543,17.572713425292967,0.12009429931640625,0
783.3497409820557,1.1992256042480467,-0.10000000000002274,17.609706223144528,0.09720611572265625,0
783.3536465167999,1.1447395202636719,-0.15999999999996817,17.560382492675778,0.12009429931640625,0
783.35768699646,1.1330146667480467,-0.05999999999994543,17.483314163818356,0.09720611572265625,0
783.3626596927643,1.1537055847167967,-0.03999999999996362,17.674443619384764,0.12772369384765625,0
783.3672873973846,1.1592231628417968,-0.03999999999996362,17.68677455200195,0.10483551025390625,0
783.3726525306702,1.1778449890136717,-0.13999999999998636,17.486396896972654,0.10483551025390625,0
783.3774309158325,1.2402625915527343,-0.10000000000002274,18.001213333740232,0.12009429931640625,0
783.3821845054626,1.2612983581542967,-0.05999999999994543,17.58196162475586,0.09720611572265625,0
783.3872282505035,1.2933692810058592,-0.05999999999994543,17.50181056274414,0.12009429931640625,0
783.3924353122711,1.3257850524902344,-0.03999999999996362,17.369253037109374,0.09720611572265625,0
783.3975601196289,1.3181983825683592,-0.13999999999998636,17.56963069213867,0.13535308837890625,0
783.402596950531,1.3161292907714843,-0.10000000000002274,17.58196162475586,0.12009429931640625,0
783.4075996875763,1.2795753356933592,-0.05999999999994543,17.45865229858398,0.12009429931640625,0
783.426634311676,0.9926612731933593,-0.03999999999996362,17.39083216918945,0.14298248291015625,0
783.4466342926025,1.1909492370605468,-0.01999999999998181,17.58196162475586,0.12009429931640625,0
783.45663189888,1.2271583435058593,-0.03999999999996362,17.474065964355468,0.09720611572265625,0
783.460681438446,1.2499183532714844,-0.05999999999994543,17.739181015624997,0.10483551025390625,0
783.4641599655151,1.2699195739746092,-0.15999999999996817,17.566547958984373,0.12009429931640625,0
783.4691638946533,1.2747474548339843,-0.15999999999996817,17.572713425292967,0.09720611572265625,0
783.473596572876,1.2181922790527342,-0.12000000000000455,17.474065964355468,0.12009429931640625,0
783.4771976470947,1.1285316345214844,-0.22000000000002728,18.010461533203124,0.12772369384765625,0
783.4826507568359,1.1412910339355469,-0.22000000000002728,17.56963069213867,0.10483551025390625,0
783.4871740341187,1.1902595397949218,-0.03999999999996362,17.483314163818356,0.10483551025390625,0
783.4926805496216,1.1312904235839842,0.0,17.3415084387207,0.10483551025390625,0
783.4976773262024,1.1140479919433592,-0.12000000000000455,17.541886093749998,0.12772369384765625,0
783.5036950111389,1.1702583190917968,-0.05999999999994543,17.492562363281248,0.13535308837890625,0
783.5077364444733,1.171637713623047,-0.03999999999996362,17.424742233886718,0.12772369384765625,0
783.5127811431885,1.2164680358886717,-0.03999999999996362,17.634368088378903,0.12772369384765625,0
783.5176799297333,1.2561256286621092,0.0,17.646699020996092,0.12772369384765625,0
783.5366404056549,1.2712989685058593,-0.10000000000002274,17.529555161132812,0.12772369384765625,0
783.5566189289093,1.0740455505371094,-0.05999999999994543,17.4432386328125,0.12772369384765625,0
783.5676310062408,1.0309394714355469,-0.12000000000000455,17.64978175415039,0.12772369384765625,0
783.5716125965118,1.0926673767089843,-0.01999999999998181,17.4432386328125,0.13535308837890625,0
783.5756120681763,1.1202552673339843,-0.10000000000002274,17.304515640869138,0.14298248291015625,0
783.5796422958374,1.1878455993652344,-0.05999999999994543,17.548051560058592,0.10483551025390625,0
783.5846254825592,1.068183123779297,-0.05999999999994543,17.634368088378903,0.12772369384765625,0
783.588618516922,1.1468086120605467,-0.03999999999996362,17.45248683227539,0.12009429931640625,0
783.5926599502563,1.2575050231933593,0.01999999999998181,17.319929306640624,0.12772369384765625,0
783.5976736545563,1.2347450134277342,-0.12000000000000455,17.51105876220703,0.10483551025390625,0
783.6026833057404,1.3244056579589842,-0.08000000000004093,17.535720627441403,0.12772369384765625,0
783.6076803207397,1.2992317077636717,-0.08000000000004093,17.418576767578124,0.09720611572265625,0
783.612762928009,1.1147376892089844,-0.03999999999996362,17.609706223144528,0.12772369384765625,0
783.6176888942719,1.0530097839355468,-0.01999999999998181,17.665195419921872,0.12009429931640625,0
783.6226737499237,1.0974952575683594,-0.15999999999996817,17.464817764892576,0.13535308837890625,0
783.6276912689209,1.0112830993652342,-0.12000000000000455,17.862490341796875,0.12009429931640625,0
783.6417021751404,1.0402503845214843,-0.12000000000000455,17.427824967041015,0.12009429931640625,0
783.6656739711761,1.1523261901855468,-0.05999999999994543,17.594292557373045,0.12772369384765625,0
783.6777439117432,1.1788795349121093,-0.12000000000000455,17.939558670654296,0.12772369384765625,0
783.6827471256256,1.1754310485839843,-0.13999999999998636,17.612788956298825,0.09720611572265625,0
783.6868577003479,1.1637061950683594,-0.05999999999994543,17.544968826904295,0.12009429931640625,0
783.6918637752533,1.0602516052246094,-0.05999999999994543,17.400080368652343,0.12009429931640625,0
783.6977345943451,0.9485206481933594,-0.01999999999998181,17.606623489990234,0.13535308837890625,0
783.702871799469,0.9419685241699218,0.01999999999998181,17.572713425292967,0.12009429931640625,0
783.7069180011749,0.9805915710449218,-0.08000000000004093,17.50181056274414,0.12772369384765625,0
783.7119402885437,1.0057655212402343,-0.03999999999996362,17.662112686767575,0.10483551025390625,0
783.7182312011719,1.0295600769042967,-0.17999999999994998,17.662112686767575,0.10483551025390625,0
783.7226486206055,1.0726661560058592,-0.12000000000000455,17.523389694824218,0.12009429931640625,0
783.7271127700806,1.099219500732422,-0.12000000000000455,17.88715220703125,0.12009429931640625,0
783.7331144809723,1.126807391357422,-0.10000000000002274,17.705270950927734,0.12772369384765625,0
783.7386813163757,1.1568092224121094,-0.08000000000004093,17.50797602905273,0.12009429931640625,0
783.7516541481018,1.2288825866699218,-0.03999999999996362,17.67752635253906,0.10483551025390625,0
783.7747259140015,1.2399177429199217,-0.17999999999994998,17.387749436035154,0.12772369384765625,0
783.7878806591034,1.1388770935058594,-0.10000000000002274,17.52030696166992,0.10483551025390625,0
783.7917380332947,1.102667987060547,0.0,17.39083216918945,0.12772369384765625,0
783.797666311264,1.0781837341308593,-0.10000000000002274,17.594292557373045,0.10483551025390625,0
783.801775932312,1.0805976745605468,-0.08000000000004093,17.615871689453122,0.12772369384765625,0
783.8068087100983,1.0843910095214844,-0.03999999999996362,17.486396896972654,0.10483551025390625,0
783.8119540214539,1.092322528076172,-0.03999999999996362,17.760760147705078,0.10483551025390625,0
783.8170108795166,1.1226692077636717,0.0,17.711436417236325,0.09720611572265625,0
783.8223617076874,1.1364631530761717,-0.13999999999998636,17.51105876220703,0.12772369384765625,0
783.8277509212494,1.150946795654297,0.03999999999996362,18.207756455078123,0.09720611572265625,0
783.8327498435974,1.1968116638183592,-0.08000000000004093,17.603540756835937,0.12009429931640625,0
783.8377504348755,1.2178474304199218,-0.05999999999994543,17.523389694824218,0.10483551025390625,0
783.8427696228027,1.2330207702636717,-0.05999999999994543,17.39083216918945,0.10483551025390625,0
783.8476901054382,1.2702644226074218,-0.01999999999998181,17.597375290527342,0.10483551025390625,0
783.8752002716064,1.3219917175292968,0.0,17.38158396972656,0.12772369384765625,0
783.9226393699646,1.1330146667480467,-0.13999999999998636,17.514141495361326,0.12009429931640625,0
783.9396388530731,1.1857765075683593,-0.01999999999998181,17.52030696166992,0.10483551025390625,0
783.9432549476624,1.1864662048339842,0.0,17.446321365966796,0.12009429931640625,0
783.9476611614227,1.2137092468261719,-0.08000000000004093,17.606623489990234,0.12772369384765625,0
783.9526474475861,1.2561256286621092,-0.05999999999994543,17.622037155761717,0.12009429931640625,0
783.9576473236084,1.2706092712402344,-0.03999999999996362,17.50181056274414,0.09720611572265625,0
783.9766643047333,1.3078529235839842,-0.03999999999996362,17.446321365966796,0.12772369384765625,0
784.0103001594543,1.0174903747558592,-0.17999999999994998,17.871738541259763,0.12009429931640625,0
784.0276458263397,1.1954322692871093,-0.10000000000002274,18.29099025024414,0.12772369384765625,0
784.032279253006,1.2247444030761718,-0.05999999999994543,17.625119888916014,0.13535308837890625,0
784.0372860431671,1.2119850036621094,-0.08000000000004093,17.548051560058592,0.12009429931640625,0
784.0426454544067,1.2547462341308593,-0.05999999999994543,17.406245834960934,0.12009429931640625,0
784.047224521637,1.2747474548339843,-0.03999999999996362,17.603540756835937,0.09720611572265625,0
784.0526461601257,1.2344001647949219,-0.03999999999996362,17.62820262207031,0.12772369384765625,0
784.0576455593109,1.1743965026855467,-0.12000000000000455,17.48947963012695,0.12009429931640625,0
784.0626406669617,1.1133582946777343,-0.08000000000004093,17.82549754394531,0.10483551025390625,0
784.0676333904266,1.0188697692871094,-0.05999999999994543,17.711436417236325,0.10483551025390625,0
784.0936386585236,1.1909492370605468,-0.15999999999996817,17.4432386328125,0.10483551025390625,0
784.1212136745453,1.1833625671386718,-0.13999999999998636,17.544968826904295,0.09720611572265625,0
784.1322231292725,0.9316230651855468,-0.10000000000002274,17.63128535522461,0.09720611572265625,0
784.1362257003784,0.8329963562011719,-0.13999999999998636,17.615871689453122,0.12009429931640625,0
784.1395497322083,0.8547218200683593,-0.05999999999994543,17.529555161132812,0.13535308837890625,0
784.1426453590393,0.9292091247558594,-0.17999999999994998,17.406245834960934,0.10483551025390625,0
784.1471130847931,1.0147315856933592,-0.17999999999994998,17.612788956298825,0.08957672119140625,0
784.1532330513,1.0364570495605467,0.0,17.572713425292967,0.12009429931640625,0
784.1576743125916,1.0771491882324218,-0.10000000000002274,17.48947963012695,0.10483551025390625,0
784.1627340316772,1.1185310241699218,-0.05999999999994543,17.655947220458984,0.09720611572265625,0
784.1671597957611,1.1423255798339844,-0.20000000000004547,17.70835368408203,0.12009429931640625,0
784.1732234954834,1.161292254638672,-0.20000000000004547,17.486396896972654,0.12772369384765625,0
784.1862320899963,1.1771552917480468,-0.13999999999998636,17.58196162475586,0.12772369384765625,0
784.2102868556976,0.9578315612792968,-0.10000000000002274,18.15226725830078,0.12009429931640625,0
784.2236080169678,1.0350776550292968,-0.03999999999996362,17.48023143066406,0.12009429931640625,0
784.227658033371,1.0523200866699218,-0.05999999999994543,18.352644913330078,0.12009429931640625,0
784.2326097488403,1.0874946472167968,-0.05999999999994543,17.603540756835937,0.09720611572265625,0
784.2376163005829,1.1437049743652343,-0.15999999999996817,17.523389694824218,0.12009429931640625,0
784.242672920227,1.1792243835449219,-0.10000000000002274,17.39083216918945,0.12009429931640625,0
784.2481758594513,1.2154334899902344,-0.05999999999994543,17.603540756835937,0.10483551025390625,0
784.2533564567566,1.2550910827636719,-0.03999999999996362,17.548051560058592,0.12009429931640625,0
784.2573528289795,1.2712989685058593,0.0,17.48023143066406,0.10483551025390625,0
784.2625985145569,1.2781959411621093,0.0,17.791587479248044,0.10483551025390625,0
784.2673764228821,1.2709541198730467,-0.12000000000000455,17.705270950927734,0.12009429931640625,0
784.2726435661316,1.2095710632324217,-0.08000000000004093,17.50797602905273,0.09720611572265625,0
784.2775888442993,1.0816322204589843,-0.03999999999996362,18.509864304199215,0.12772369384765625,0
784.2823119163513,1.037146746826172,-0.15999999999996817,17.615871689453122,0.13535308837890625,0
784.2966709136963,1.2002601501464842,-0.15999999999996817,17.625119888916014,0.12772369384765625,0
784.3201749324799,1.2957832214355467,-0.12000000000000455,17.523389694824218,0.09720611572265625,0
784.3334741592407,1.1016334411621094,-0.10000000000002274,17.674443619384764,0.12772369384765625,0
784.3374819755554,1.1350837585449218,-0.08000000000004093,17.50797602905273,0.10483551025390625,0
784.3426692485809,1.2143989440917968,-0.12000000000000455,17.356922104492185,0.12772369384765625,0
784.3481767177582,1.2316413757324218,-0.08000000000004093,17.585044357910153,0.13535308837890625,0
784.3525037765503,1.2709541198730467,-0.08000000000004093,17.591209824218748,0.10483551025390625,0
784.3576428890228,1.3447517272949219,0.0,17.449404099121093,0.12009429931640625,0
784.3636844158173,1.3533729431152344,-0.12000000000000455,17.566547958984373,0.10483551025390625,0
784.3672027587891,1.3899268981933592,-0.08000000000004093,17.674443619384764,0.08957672119140625,0
784.3727278709412,1.4319984313964842,-0.03999999999996362,17.483314163818356,0.12009429931640625,0
784.3786733150482,1.4113075134277342,-0.17999999999994998,18.06286799682617,0.10483551025390625,0
784.3824498653412,1.4064796325683593,-0.12000000000000455,17.56963069213867,0.12772369384765625,0
784.387512922287,1.4102729675292969,-0.12000000000000455,17.492562363281248,0.10483551025390625,0
784.3925054073334,1.3619941589355469,-0.08000000000004093,17.347673905029296,0.13535308837890625,0
784.4109652042389,1.2495735046386718,-0.05999999999994543,18.361893112792966,0.14298248291015625,0
784.4326422214508,1.2599189636230468,-0.03999999999996362,17.544968826904295,0.12772369384765625,0
784.443178653717,1.3475105163574217,0.03999999999996362,17.48023143066406,0.13535308837890625,0
784.4486451148987,1.4123420593261717,-0.01999999999998181,17.514141495361326,0.14298248291015625,0
784.4522953033447,1.3406135437011717,0.01999999999998181,17.523389694824218,0.12772369384765625,0
784.4570755958557,1.4178596374511718,0.01999999999998181,17.403163101806637,0.12772369384765625,0
784.4630675315857,1.4154456970214844,-0.10000000000002274,17.51105876220703,0.14298248291015625,0
784.4686422348022,1.4202735778808593,-0.08000000000004093,17.554217026367187,0.10483551025390625,0
784.4719598293304,1.4326881286621094,0.10000000000002274,17.42165950073242,0.15061187744140625,0
784.4777843952179,1.4319984313964842,0.10000000000002274,18.438961441650388,0.12772369384765625,0
784.48308801651,1.4419990417480468,-0.01999999999998181,17.609706223144528,0.10483551025390625,0
784.4881055355072,1.4192390319824217,-0.01999999999998181,17.427824967041015,0.13535308837890625,0
784.4932730197906,1.3933753845214842,0.0,17.366170303955077,0.12772369384765625,0
784.497677564621,1.4347572204589842,0.01999999999998181,17.50797602905273,0.14298248291015625,0
784.5031423568726,1.3926856872558593,0.01999999999998181,17.467900498046873,0.12772369384765625,0
784.516726732254,1.0557685729980468,-0.10000000000002274,17.58812709106445,0.12772369384765625,0
784.5400450229645,1.2309516784667969,-0.05999999999994543,17.403163101806637,0.15061187744140625,0
784.5530545711517,1.2485389587402342,-0.01999999999998181,17.50797602905273,0.12772369384765625,0
784.5581960678101,1.3161292907714843,-0.03999999999996362,17.3415084387207,0.12772369384765625,0
784.5622069835663,1.3113014099121092,-0.10000000000002274,17.714519150390622,0.12772369384765625,0
784.5672059059143,1.2778510925292967,-0.10000000000002274,17.665195419921872,0.09720611572265625,0
784.5727248191833,1.2475044128417967,-0.05999999999994543,17.48023143066406,0.09720611572265625,0
784.5770931243896,1.1792243835449219,-0.03999999999996362,18.176929123535153,0.12772369384765625,0
784.5836820602417,1.0792182800292969,-0.15999999999996817,17.692940018310544,0.12009429931640625,0
784.5876846313477,1.0126624938964843,-0.15999999999996817,17.523389694824218,0.12009429931640625,0
784.5926883220673,1.0143867370605468,-0.15999999999996817,17.39083216918945,0.08957672119140625,0
784.5972185134888,1.0874946472167968,-0.13999999999998636,17.585044357910153,0.12009429931640625,0
784.6026697158813,1.1274970886230469,-0.03999999999996362,17.609706223144528,0.08957672119140625,0
784.6075851917267,1.1178413269042968,-0.15999999999996817,17.48947963012695,0.12772369384765625,0
784.6127593517303,1.1557746765136718,-0.12000000000000455,17.662112686767575,0.08194732666015625,0
784.6387021541595,1.1892249938964843,-0.08000000000004093,17.514141495361326,0.12009429931640625,0
784.6947391033173,1.2333656188964843,-0.08000000000004093,17.9364759375,0.12009429931640625,0
784.7137513160706,0.9571418640136719,-0.05999999999994543,17.609706223144528,0.10483551025390625,0
784.7181577682495,0.9578315612792968,0.0,17.674443619384764,0.12009429931640625,0
784.7227869033813,1.0809425231933594,-0.17999999999994998,17.504893295898437,0.09720611572265625,0
784.739803314209,1.2468147155761717,0.01999999999998181,17.495645096435545,0.09720611572265625,0
784.778847694397,1.1550849792480469,-0.10000000000002274,17.662112686767575,0.12009429931640625,0
784.7960450649261,1.2130195495605467,-0.10000000000002274,17.634368088378903,0.08957672119140625,0
784.800724029541,1.0895637390136719,-0.03999999999996362,17.751511948242186,0.12772369384765625,0
784.8030433654785,0.9947303649902344,-0.01999999999998181,17.609706223144528,0.09720611572265625,0
784.8071737289429,1.0133521911621093,-0.01999999999998181,17.523389694824218,0.12009429931640625,0
784.8122084140778,1.1526710388183594,0.01999999999998181,17.785422012939453,0.10483551025390625,0
784.8176338672638,1.1992256042480467,-0.05999999999994543,17.733015549316406,0.08957672119140625,0
784.8226466178894,1.2354347106933592,-0.01999999999998181,17.529555161132812,0.10483551025390625,0
784.8277237415314,1.3250953552246092,-0.12000000000000455,18.038206131591796,0.12009429931640625,0
784.8326437473297,1.3571662780761717,-0.15999999999996817,17.612788956298825,0.08957672119140625,0
784.8466522693634,1.1495674011230468,-0.15999999999996817,17.615871689453122,0.10483551025390625,0
784.8742001056671,1.3109565612792968,-0.12000000000000455,17.48947963012695,0.10483551025390625,0
784.8902204036713,1.1137031433105469,-0.13999999999998636,17.504893295898437,0.10483551025390625,0
784.8942182064056,0.9716255065917968,-0.05999999999994543,18.432795975341794,0.09720611572265625,0
784.8982412815094,0.7850623962402343,-0.05999999999994543,17.6374508215332,0.12009429931640625,0
784.9026725292206,0.8050636169433594,-0.10000000000002274,17.63128535522461,0.10483551025390625,0
784.907229423523,1.0136970397949219,-0.03999999999996362,17.495645096435545,0.10483551025390625,0
784.9126377105713,0.9799018737792968,-0.15999999999996817,17.785422012939453,0.12772369384765625,0
784.9172258377075,1.044043719482422,-0.13999999999998636,17.711436417236325,0.09720611572265625,0
784.9226191043854,1.1299110290527343,-0.13999999999998636,17.50797602905273,0.13535308837890625,0
784.9276568889618,1.085425555419922,-0.05999999999994543,18.324900314941406,0.10483551025390625,0
784.9326393604279,1.1402564880371093,-0.03999999999996362,17.609706223144528,0.12772369384765625,0
784.9367780685425,1.1857765075683593,0.0,17.529555161132812,0.13535308837890625,0
784.9577815532684,1.1450843688964842,0.01999999999998181,17.48023143066406,0.10483551025390625,0
784.9867920875549,0.9985236999511719,-0.10000000000002274,17.514141495361326,0.12009429931640625,0
784.9948093891144,1.0074897644042968,-0.01999999999998181,18.173846390380856,0.10483551025390625,0
784.9988024234772,1.0305946228027343,-0.03999999999996362,17.606623489990234,0.12772369384765625,0
785.0018956661224,1.0516303894042969,-0.01999999999998181,17.615871689453122,0.09720611572265625,0
785.0069320201874,1.064734637451172,0.0,17.48023143066406,0.12009429931640625,0
785.0118625164032,1.095771014404297,0.0,17.82549754394531,0.12009429931640625,0
785.0169589519501,1.1295661804199217,-0.12000000000000455,17.689857285156247,0.12009429931640625,0
785.0217988491058,1.1488777038574218,-0.10000000000002274,17.50181056274414,0.13535308837890625,0
785.026909828186,1.1726722595214842,-0.08000000000004093,18.31873484863281,0.12009429931640625,0
785.0327153205872,1.1878455993652344,-0.05999999999994543,17.58812709106445,0.12772369384765625,0
785.0386364459991,1.1899146911621092,-0.03999999999996362,17.50797602905273,0.12009429931640625,0
785.0419681072235,1.1864662048339842,0.0,17.37233577026367,0.09720611572265625,0
785.0481252670288,1.1747413513183593,0.0,17.603540756835937,0.09720611572265625,0
785.0761430263519,0.9357612487792968,0.01999999999998181,17.403163101806637,0.12009429931640625,0
785.1302351951599,1.1178413269042968,-0.10000000000002274,17.560382492675778,0.12009429931640625,0
785.1532566547394,0.9450721618652344,-0.12000000000000455,17.535720627441403,0.13535308837890625,0
785.157411813736,0.9316230651855468,0.0,17.449404099121093,0.10483551025390625,0
785.1755986213684,1.030249774169922,0.0,17.356922104492185,0.14298248291015625,0
785.2159593105316,1.2881965515136717,-0.03999999999996362,17.58812709106445,0.12772369384765625,0
785.2386200428009,1.2416419860839842,-0.08000000000004093,17.42165950073242,0.10483551025390625,0
785.2426192760468,1.2085365173339844,-0.03999999999996362,17.30143290771484,0.13535308837890625,0
785.2476196289062,1.0374915954589843,-0.10000000000002274,17.50797602905273,0.12772369384765625,0
785.2518706321716,1.1099098083496093,-0.10000000000002274,17.523389694824218,0.10483551025390625,0
785.257050037384,1.1064613220214843,-0.03999999999996362,17.406245834960934,0.12772369384765625,0
785.2626194953918,1.0861152526855469,-0.01999999999998181,17.714519150390622,0.12772369384765625,0
785.2676212787628,1.1443946716308593,0.0,17.63128535522461,0.12772369384765625,0
785.2852084636688,1.2423316833496092,-0.13999999999998636,17.544968826904295,0.12772369384765625,0
785.3241930007935,1.1264625427246093,-0.10000000000002274,17.406245834960934,0.15824127197265625,0
785.3402152061462,0.9450721618652344,-0.17999999999994998,17.4432386328125,0.10483551025390625,0
785.3432991504669,1.0219734069824218,-0.12000000000000455,17.396997635498046,0.12772369384765625,0
785.3482129573822,1.2547462341308593,-0.12000000000000455,17.563465225830075,0.12009429931640625,0
785.3521251678467,1.2302619812011717,-0.17999999999994998,17.575796158447265,0.12009429931640625,0
785.3571076393127,1.2412971374511719,-0.12000000000000455,17.449404099121093,0.12009429931640625,0
785.3626194000244,1.3644080993652343,-0.08000000000004093,17.739181015624997,0.12009429931640625,0
785.3677098751068,1.3347511169433592,-0.05999999999994543,17.692940018310544,0.10483551025390625,0
785.3720276355743,1.2923347351074217,-0.05999999999994543,17.50181056274414,0.08957672119140625,0
785.3776164054871,1.2185371276855468,-0.13999999999998636,18.22008738769531,0.12009429931640625,0
785.3825135231018,1.0719764587402343,-0.10000000000002274,17.622037155761717,0.10483551025390625,0
785.4025256633759,1.1674995300292967,-0.05999999999994543,17.634368088378903,0.10483551025390625,0
785.4591906070709,1.1674995300292967,-0.15999999999996817,17.40932856811523,0.09720611572265625,0
785.4712045192719,0.9578315612792968,-0.12000000000000455,17.541886093749998,0.10483551025390625,0
785.4750025272369,0.8936897155761718,-0.08000000000004093,17.400080368652343,0.12772369384765625,0
785.4806332588196,0.9650733825683593,-0.08000000000004093,17.603540756835937,0.12772369384765625,0
785.4840228557587,1.0730110046386718,-0.13999999999998636,17.70835368408203,0.12009429931640625,0
785.4880123138428,1.0830116149902342,-0.05999999999994543,17.523389694824218,0.09720611572265625,0
785.4926202297211,1.0781837341308593,-0.15999999999996817,17.403163101806637,0.12009429931640625,0
785.5216035842896,0.7943733093261719,-0.15999999999996817,17.55113429321289,0.09720611572265625,0
785.5813598632812,1.023352801513672,-0.08000000000004093,17.606623489990234,0.12772369384765625,0
785.6053142547607,1.1723274108886719,-0.12000000000000455,17.50181056274414,0.09720611572265625,0
785.6223680973053,1.1357734558105468,-0.12000000000000455,17.514141495361326,0.12772369384765625,0
785.6543989181519,1.0999091979980469,-0.12000000000000455,17.535720627441403,0.12009429931640625,0
785.6674075126648,1.1954322692871093,0.0,17.72685008300781,0.12772369384765625,0
785.6726155281067,1.1764655944824218,-0.10000000000002274,17.51105876220703,0.10483551025390625,0
785.6777036190033,1.2519874450683592,-0.03999999999996362,18.257080185546872,0.12009429931640625,0
785.6826164722443,1.1112892028808594,-0.01999999999998181,17.622037155761717,0.10483551025390625,0
785.6872251033783,0.9967994567871094,-0.13999999999998636,17.544968826904295,0.10483551025390625,0
785.6919350624084,1.1154273864746094,-0.10000000000002274,17.38158396972656,0.12009429931640625,0
785.6969428062439,1.0792182800292969,-0.05999999999994543,17.603540756835937,0.12009429931640625,0
785.701967716217,0.9512794372558593,-0.05999999999994543,17.622037155761717,0.12009429931640625,0
785.7069494724274,1.0023170349121093,-0.15999999999996817,17.492562363281248,0.09720611572265625,0
785.7383716106415,1.2537116882324217,0.01999999999998181,17.50181056274414,0.12009429931640625,0
785.7793929576874,1.0971504089355468,-0.10000000000002274,17.69602275146484,0.10483551025390625,0
785.7964091300964,1.1385322448730468,-0.08000000000004093,17.625119888916014,0.10483551025390625,0
785.8004381656647,1.1502570983886717,-0.01999999999998181,17.705270950927734,0.10483551025390625,0
785.8044059276581,1.1833625671386718,-0.01999999999998181,17.51105876220703,0.12772369384765625,0
785.8084194660187,1.2202613708496093,0.08000000000004093,17.387749436035154,0.12772369384765625,0
785.8124961853027,1.2392280456542968,-0.03999999999996362,18.019709732666012,0.12009429931640625,0
785.8265478610992,1.2902656433105468,-0.01999999999998181,17.406245834960934,0.09720611572265625,0
785.8557107448578,1.0433540222167967,-0.01999999999998181,17.50181056274414,0.10483551025390625,0
785.8727095127106,1.1023231384277343,-0.10000000000002274,17.486396896972654,0.10483551025390625,0
785.876663684845,1.1212898132324218,-0.08000000000004093,17.39083216918945,0.12009429931640625,0
785.8806586265564,1.0988746520996093,-0.10000000000002274,17.572713425292967,0.12009429931640625,0
785.8847198486328,1.157843768310547,-0.08000000000004093,17.665195419921872,0.10483551025390625,0
785.8880124092102,1.2143989440917968,-0.05999999999994543,17.486396896972654,0.12009429931640625,0
785.8918693065643,1.1709480163574217,-0.05999999999994543,17.366170303955077,0.09720611572265625,0
785.8974153995514,1.1361183044433594,0.0,17.560382492675778,0.10483551025390625,0
785.9025120735168,1.1340492126464843,-0.12000000000000455,17.58812709106445,0.12009429931640625,0
785.907630443573,1.0747352478027343,-0.12000000000000455,17.464817764892576,0.09720611572265625,0
785.9124052524567,0.9650733825683593,-0.10000000000002274,17.674443619384764,0.10483551025390625,0
785.9174218177795,0.9119666931152344,-0.17999999999994998,17.689857285156247,0.12009429931640625,0
785.9226546287537,0.9874885437011718,0.0,17.48023143066406,0.12772369384765625,0
785.928213596344,1.0488716003417968,-0.12000000000000455,18.173846390380856,0.12772369384765625,0
785.9417352676392,1.1364631530761717,-0.08000000000004093,17.37233577026367,0.12009429931640625,0
785.9700243473053,1.2850929138183593,-0.03999999999996362,17.45865229858398,0.12772369384765625,0
785.9859833717346,1.0902534362792968,-0.13999999999998636,17.495645096435545,0.12009429931640625,0
785.990217924118,0.9881782409667969,-0.13999999999998636,17.406245834960934,0.14298248291015625,0
785.9946632385254,0.9554176208496094,-0.03999999999996362,18.432795975341794,0.12009429931640625,0
785.9980297088623,1.0195594665527343,-0.01999999999998181,17.514141495361326,0.14298248291015625,0
786.0020201206207,1.0719764587402343,-0.13999999999998636,17.532637894287106,0.14298248291015625,0
786.0081465244293,1.033698260498047,-0.13999999999998636,17.310681107177732,0.10483551025390625,0
786.0131258964539,1.0599067565917968,-0.08000000000004093,17.529555161132812,0.10483551025390625,0
786.0186278820038,1.1147376892089844,-0.05999999999994543,17.566547958984373,0.12772369384765625,0
786.0235772132874,1.1861213562011719,-0.05999999999994543,17.400080368652343,0.14298248291015625,0
786.0276894569397,1.2064674255371093,-0.03999999999996362,18.67633189453125,0.13535308837890625,0
786.0335810184479,1.1950874206542967,-0.03999999999996362,17.609706223144528,0.14298248291015625,0
786.046715259552,1.2540565368652343,0.0,17.55113429321289,0.10483551025390625,0
786.0756545066833,0.9654182312011719,-0.10000000000002274,17.356922104492185,0.09720611572265625,0
786.0922198295593,1.1281867858886718,-0.03999999999996362,17.369253037109374,0.12009429931640625,0
786.096034526825,1.1357734558105468,-0.17999999999994998,17.606623489990234,0.12009429931640625,0
786.1007175445557,1.1226692077636717,-0.05999999999994543,17.705270950927734,0.10483551025390625,0
786.104043006897,1.1361183044433594,-0.03999999999996362,17.523389694824218,0.12772369384765625,0
786.1080648899078,1.1709480163574217,-0.03999999999996362,17.39083216918945,0.10483551025390625,0
786.1130709648132,1.1902595397949218,0.01999999999998181,17.594292557373045,0.12009429931640625,0
786.1180713176727,1.1292213317871094,-0.12000000000000455,17.655947220458984,0.10483551025390625,0
786.1230823993683,1.0036964294433592,-0.10000000000002274,17.492562363281248,0.10483551025390625,0
786.128259897232,0.9192085144042969,-0.10000000000002274,18.217004654541014,0.12772369384765625,0
786.1324248313904,0.9109321472167968,-0.03999999999996362,17.622037155761717,0.09720611572265625,0
786.1374371051788,0.9595558044433593,-0.01999999999998181,17.55113429321289,0.09720611572265625,0
786.1420934200287,1.0030067321777343,-0.12000000000000455,17.406245834960934,0.12009429931640625,0
786.1621174812317,1.2047431823730468,-0.08000000000004093,17.785422012939453,0.12772369384765625,0
786.1891596317291,1.1340492126464843,-0.08000000000004093,17.51105876220703,0.10483551025390625,0
786.2026200294495,1.0585273620605469,-0.05999999999994543,17.62820262207031,0.09720611572265625,0
786.2061333656311,1.1023231384277343,-0.03999999999996362,17.504893295898437,0.10483551025390625,0
786.2102706432343,1.1116340515136718,-0.10000000000002274,18.0351233984375,0.12772369384765625,0
786.214334487915,1.1147376892089844,-0.05999999999994543,17.603540756835937,0.12772369384765625,0
786.2186217308044,1.1588783142089842,-0.05999999999994543,17.66827815307617,0.10483551025390625,0
786.2231302261353,1.1933631774902342,-0.03999999999996362,17.486396896972654,0.12772369384765625,0
786.2282960414886,1.1878455993652344,-0.01999999999998181,18.553022568359374,0.12772369384765625,0
786.2322564125061,1.2299171325683593,0.0,17.603540756835937,0.12772369384765625,0
786.237163066864,1.2537116882324217,0.0,17.526472427978515,0.09720611572265625,0
786.2431981563568,1.2695747253417968,-0.13999999999998636,17.45248683227539,0.10483551025390625,0
786.2477104663849,1.3009559509277342,0.05999999999994543,17.591209824218748,0.12009429931640625,0
786.2531042098999,1.2909553405761718,-0.08000000000004093,17.563465225830075,0.09720611572265625,0
786.2667100429535,1.2492286560058592,-0.05999999999994543,17.665195419921872,0.12772369384765625,0
786.2950303554535,1.1550849792480469,-0.03999999999996362,18.16151545776367,0.12009429931640625,0
786.3121466636658,1.1999153015136719,-0.12000000000000455,17.79775294555664,0.12009429931640625,0
786.3166251182556,1.2112953063964842,-0.08000000000004093,17.652864487304686,0.12772369384765625,0
786.3204598426819,1.2157783386230467,-0.01999999999998181,17.529555161132812,0.10483551025390625,0
786.3256163597107,1.2064674255371093,-0.01999999999998181,17.387749436035154,0.10483551025390625,0
786.329253911972,1.2057777282714843,0.13999999999998636,17.63128535522461,0.12009429931640625,0
786.3334536552429,1.2075019714355468,0.0,17.69602275146484,0.12772369384765625,0
786.3384644985199,1.2019843933105467,0.0,17.514141495361326,0.10483551025390625,0
786.3426132202148,1.2016395446777344,0.0,17.38158396972656,0.12009429931640625,0
786.3476421833038,1.2006049987792968,0.0,17.58812709106445,0.13535308837890625,0
786.3530535697937,1.2047431823730468,0.0,17.560382492675778,0.12009429931640625,0
786.3580548763275,1.2012946960449218,0.0,17.403163101806637,0.10483551025390625,0
786.3630583286285,1.1988807556152343,0.0,17.594292557373045,0.10483551025390625,0
786.3777022361755,1.195777117919922,0.0,18.133770859374998,0.12009429931640625,0
786.4060323238373,1.1968116638183592,0.0,17.492562363281248,0.12009429931640625,0
786.4230442047119,1.1999153015136719,0.0,17.48023143066406,0.10483551025390625,0
786.427649974823,1.1878455993652344,0.0,18.139936325683593,0.10483551025390625,0
786.4333345890045,1.2081916687011718,0.0,17.683691818847656,0.12772369384765625,0
786.43741106987,1.1878455993652344,0.0,17.529555161132812,0.09720611572265625,0
786.4426035881042,1.1947425720214844,0.0,17.387749436035154,0.13535308837890625,0
786.4476048946381,1.185431658935547,0.0,17.594292557373045,0.12009429931640625,0
786.4530885219574,1.1816383239746093,0.0,17.55113429321289,0.10483551025390625,0
786.458657503128,1.195777117919922,0.0,17.400080368652343,0.12009429931640625,0
786.4621155261993,1.1885352966308593,0.0,17.754594681396483,0.09720611572265625,0
786.4681298732758,1.1885352966308593,0.0,17.652864487304686,0.12772369384765625,0
786.4816236495972,1.1902595397949218,0.0,17.591209824218748,0.12772369384765625,0
786.5095703601837,1.1943977233886718,0.0,17.387749436035154,0.09720611572265625,0
786.5267059803009,1.1868110534667968,0.0,17.42165950073242,0.10483551025390625,0
786.5306599140167,1.1961219665527343,0.0,17.594292557373045,0.10483551025390625,0
786.5347084999084,1.185431658935547,0.0,17.692940018310544,0.12772369384765625,0
786.5385384559631,1.1909492370605468,0.0,17.50797602905273,0.10483551025390625,0
786.5427083969116,1.1892249938964843,0.0,17.384666702880857,0.12009429931640625,0
786.5481357574463,1.1912940856933594,0.0,17.606623489990234,0.12009429931640625,0
786.5535440444946,1.1861213562011719,-0.15999999999996817,17.554217026367187,0.12009429931640625,0
786.5577085018158,1.1978462097167968,0.0,17.483314163818356,0.12772369384765625,0
786.5631268024445,1.1837074157714844,0.0,17.597375290527342,0.12009429931640625,0
786.5671298503876,1.1971565124511718,0.0,17.711436417236325,0.10483551025390625,0
786.5731334686279,1.1768104431152344,0.0,17.492562363281248,0.12772369384765625,0
786.5781366825104,1.1975013610839844,0.0,18.204673721923825,0.12009429931640625,0
786.5831398963928,1.1823280212402343,0.0,17.689857285156247,0.10483551025390625,0
786.6025884151459,1.2199165222167967,0.0,17.615871689453122,0.10483551025390625,0
786.627623796463,1.2478492614746093,0.01999999999998181,18.038206131591796,0.12009429931640625,0
786.6400663852692,1.1664649841308594,0.01999999999998181,17.51105876220703,0.09720611572265625,0
786.6441271305084,1.0971504089355468,0.05999999999994543,18.05361979736328,0.08957672119140625,0
786.6480882167816,0.9733497497558593,-0.05999999999994543,17.646699020996092,0.09720611572265625,0
786.6531820297241,0.7992011901855468,-0.03999999999996362,17.609706223144528,0.12009429931640625,0
786.6586542129517,0.8060981628417968,-0.01999999999998181,17.433990433349607,0.10483551025390625,0
786.6627054214478,0.9519691345214844,-0.12000000000000455,17.770008347167966,0.10483551025390625,0
786.6669270992279,0.9243812438964844,-0.12000000000000455,17.72685008300781,0.10483551025390625,0
786.6732754707336,0.9481757995605469,0.10000000000002274,17.50797602905273,0.12772369384765625,0
786.6776375770569,0.9902473327636718,-0.03999999999996362,17.948806870117185,0.12009429931640625,0
786.6835389137268,0.9861091491699219,-0.01999999999998181,17.711436417236325,0.12772369384765625,0
786.6875729560852,1.0168006774902343,0.0,17.535720627441403,0.12772369384765625,0
786.7016508579254,1.0433540222167967,0.0,17.68677455200195,0.10483551025390625,0
786.730616569519,1.1181861755371094,0.01999999999998181,17.597375290527342,0.10483551025390625,0
786.7476155757904,1.0533546325683594,0.08000000000004093,17.58812709106445,0.09720611572265625,0
786.7511777877808,1.0109382507324218,0.0,17.692940018310544,0.10483551025390625,0
786.7556409835815,0.9505897399902343,-0.10000000000002274,17.504893295898437,0.12009429931640625,0
786.7597439289093,0.8961036560058593,-0.22000000000002728,17.403163101806637,0.09720611572265625,0
786.7641820907593,0.8740333435058594,-0.22000000000002728,17.591209824218748,0.12772369384765625,0
786.7681810855865,0.9019660827636719,-0.05999999999994543,17.646699020996092,0.10483551025390625,0
786.7731881141663,0.9202430603027343,0.0,17.486396896972654,0.10483551025390625,0
786.7771112918854,0.9278297302246094,-0.13999999999998636,18.158432724609373,0.10483551025390625,0
786.783123254776,0.9736945983886718,-0.13999999999998636,17.69602275146484,0.12009429931640625,0
786.7882220745087,1.0081794616699218,-0.10000000000002274,17.514141495361326,0.10483551025390625,0
786.7922027111053,1.0174903747558592,-0.03999999999996362,17.396997635498046,0.10483551025390625,0
786.7976446151733,1.0392158386230468,-0.01999999999998181,17.603540756835937,0.10483551025390625,0
786.8030197620392,1.0695625183105468,0.0,17.575796158447265,0.10483551025390625,0
786.8166205883026,0.9667976257324218,-0.12000000000000455,17.646699020996092,0.12772369384765625,0
786.8443114757538,0.7864417907714844,-0.08000000000004093,18.423547775878905,0.09720611572265625,0
786.8603265285492,0.8561012145996093,-0.01999999999998181,17.760760147705078,0.12009429931640625,0
786.8639116287231,0.8681709167480468,-0.01999999999998181,17.603540756835937,0.10483551025390625,0
786.8686199188232,0.8985175964355469,-0.08000000000004093,17.655947220458984,0.12009429931640625,0
786.8723096847534,0.9426582214355468,-0.05999999999994543,17.50797602905273,0.12009429931640625,0
786.8772296905518,0.9492103454589843,-0.05999999999994543,18.420465042724608,0.12772369384765625,0
786.8826494216919,0.9354164001464843,-0.03999999999996362,17.606623489990234,0.10483551025390625,0
786.8872122764587,0.9519691345214844,-0.01999999999998181,17.523389694824218,0.10483551025390625,0
786.8923916816711,0.9516242858886719,0.01999999999998181,17.39083216918945,0.10483551025390625,0
786.8977284431458,0.9116218444824218,0.01999999999998181,17.591209824218748,0.10483551025390625,0
786.9032216072083,0.7957527038574218,-0.10000000000002274,17.575796158447265,0.10483551025390625,0
786.9069085121155,0.7395423767089844,-0.05999999999994543,17.483314163818356,0.12009429931640625,0
786.9266202449799,0.8640327331542969,-0.01999999999998181,17.40932856811523,0.12772369384765625,0
786.9509551525116,1.0171455261230469,0.0,17.665195419921872,0.12009429931640625,0
786.9649076461792,1.0616309997558593,-0.03999999999996362,17.594292557373045,0.12009429931640625,0
786.9690492153168,1.081977069091797,-0.05999999999994543,17.58812709106445,0.10483551025390625,0
786.9740374088287,1.0930122253417969,-0.01999999999998181,17.483314163818356,0.12772369384765625,0
786.9791941642761,1.0895637390136719,-0.01999999999998181,17.671360886230467,0.12009429931640625,0
786.9832022190094,1.0792182800292969,0.01999999999998181,17.689857285156247,0.12772369384765625,0
786.9872856140137,1.0626655456542968,-0.12000000000000455,17.523389694824218,0.10483551025390625,0
786.9927668571472,1.0209388610839842,-0.12000000000000455,17.384666702880857,0.12772369384765625,0
786.9986271858215,0.9640388366699219,-0.10000000000002274,17.603540756835937,0.12009429931640625,0
787.0022327899933,0.8961036560058593,-0.05999999999994543,17.606623489990234,0.10483551025390625,0
787.007639169693,0.8471351501464843,-0.03999999999996362,17.474065964355468,0.12009429931640625,0
787.0130527019501,0.8878272888183594,-0.01999999999998181,17.58196162475586,0.14298248291015625,0
787.0180485248566,0.9178291198730468,0.0,17.646699020996092,0.12772369384765625,0
787.0326118469238,1.0030067321777343,-0.12000000000000455,17.585044357910153,0.10483551025390625,0
787.0613842010498,1.1706031677246094,-0.08000000000004093,18.22008738769531,0.12772369384765625,0
787.0776786804199,1.1357734558105468,-0.01999999999998181,18.167680924072265,0.10483551025390625,0
787.0830399990082,1.0974952575683594,-0.01999999999998181,17.66827815307617,0.12772369384765625,0
787.0870351791382,1.0326637145996094,-0.10000000000002274,17.48947963012695,0.09720611572265625,0
787.0933187007904,0.9836952087402343,-0.08000000000004093,17.406245834960934,0.12772369384765625,0
787.0976276397705,0.9561073181152343,-0.05999999999994543,17.563465225830075,0.12772369384765625,0
787.1030864715576,0.9405891296386718,-0.17999999999994998,17.526472427978515,0.12772369384765625,0
787.1086091995239,0.9743842956542969,-0.01999999999998181,17.37233577026367,0.10483551025390625,0
787.1125721931458,0.9961097595214843,0.01999999999998181,17.791587479248044,0.10483551025390625,0
787.1169047355652,1.0064552185058593,0.01999999999998181,17.671360886230467,0.12772369384765625,0
787.121908903122,1.0516303894042969,-0.08000000000004093,17.47098323120117,0.10483551025390625,0
787.126921415329,1.0757697937011719,-0.05999999999994543,18.167680924072265,0.12772369384765625,0
787.1321566104889,1.0909431335449218,0.12000000000000455,17.560382492675778,0.12772369384765625,0
787.152580499649,1.1657752868652342,0.12000000000000455,17.575796158447265,0.10483551025390625,0
787.1776130199432,0.9374854919433593,-0.01999999999998181,18.087529862060546,0.12772369384765625,0
787.1907300949097,1.0109382507324218,-0.03999999999996362,17.4401558996582,0.12772369384765625,0
787.1940779685974,1.0288703796386718,-0.03999999999996362,18.01662699951172,0.09720611572265625,0
787.1980755329132,1.0837013122558594,-0.10000000000002274,17.548051560058592,0.14298248291015625,0
787.2036473751068,1.126807391357422,-0.08000000000004093,17.50181056274414,0.12772369384765625,0
787.2086470127106,1.1450843688964842,-0.01999999999998181,17.344591171875,0.09720611572265625,0
787.2126908302307,1.171637713623047,-0.01999999999998181,17.74534648193359,0.12009429931640625,0
787.2167766094208,1.1788795349121093,0.01999999999998181,17.662112686767575,0.12772369384765625,0
787.2226247787476,1.1633613464355468,-0.12000000000000455,17.45865229858398,0.10483551025390625,0
787.2280859947205,1.1023231384277343,-0.08000000000004093,18.26016291870117,0.12772369384765625,0
787.2331461906433,0.9895576354980469,-0.15999999999996817,17.652864487304686,0.12009429931640625,0
787.238646030426,0.8936897155761718,-0.15999999999996817,17.464817764892576,0.12009429931640625,0
787.2516117095947,0.9802467224121093,-0.10000000000002274,17.622037155761717,0.14298248291015625,0
787.2803239822388,1.0099037048339843,-0.05999999999994543,17.560382492675778,0.10483551025390625,0
787.2967483997345,0.8309272644042969,-0.10000000000002274,17.612788956298825,0.12772369384765625,0
787.3001170158386,0.8898963806152344,-0.03999999999996362,17.714519150390622,0.12772369384765625,0
787.3043115139008,0.9361060974121094,-0.20000000000004547,17.523389694824218,0.12009429931640625,0
787.3084297180176,0.9219673034667968,-0.20000000000004547,17.41241130126953,0.10483551025390625,0
787.3126878738403,0.9292091247558594,0.0,17.79775294555664,0.12772369384765625,0
787.3177011013031,0.9902473327636718,-0.12000000000000455,17.711436417236325,0.10483551025390625,0
787.32301902771,0.9892127868652343,-0.12000000000000455,17.495645096435545,0.10483551025390625,0
787.3280255794525,0.9098976013183593,-0.03999999999996362,18.158432724609373,0.10483551025390625,0
787.3333718776703,0.8016151306152344,-0.15999999999996817,17.70835368408203,0.12772369384765625,0
787.3376710414886,0.7019538757324219,-0.12000000000000455,17.541886093749998,0.10483551025390625,0
787.3430354595184,0.6871253845214843,-0.08000000000004093,17.446321365966796,0.09720611572265625,0
787.3486154079437,0.8009254333496093,-0.03999999999996362,17.612788956298825,0.10483551025390625,0
787.3523228168488,0.8229957458496093,-0.13999999999998636,17.62820262207031,0.10483551025390625,0
787.3653371334076,0.9509345886230468,-0.13999999999998636,17.615871689453122,0.10483551025390625,0
787.3946919441223,0.9005866882324218,-0.05999999999994543,18.08136439575195,0.12772369384765625,0
787.4110372066498,0.7202308532714844,-0.10000000000002274,18.08136439575195,0.12772369384765625,0
787.4141380786896,0.7457496520996093,-0.10000000000002274,17.603540756835937,0.12009429931640625,0
787.418615102768,0.7943733093261719,-0.10000000000002274,17.674443619384764,0.13535308837890625,0
787.4223556518555,0.8340309020996094,-0.01999999999998181,17.50797602905273,0.12009429931640625,0
787.427371263504,0.8516181823730469,-0.12000000000000455,18.01662699951172,0.10483551025390625,0
787.4326150417328,0.9243812438964844,-0.08000000000004093,17.606623489990234,0.09720611572265625,0
787.4373755455017,0.9640388366699219,-0.05999999999994543,17.535720627441403,0.10483551025390625,0
787.4426465034485,0.9885230895996093,-0.05999999999994543,17.387749436035154,0.10483551025390625,0
787.447699546814,1.0381812927246092,-0.15999999999996817,17.591209824218748,0.10483551025390625,0
787.4534223079681,1.0330085632324217,-0.2599999999999909,17.563465225830075,0.09720611572265625,0
787.4576301574707,0.9805915710449218,-0.08000000000004093,17.486396896972654,0.12009429931640625,0
787.4764719009399,0.8609290954589843,-0.03999999999996362,17.42165950073242,0.10483551025390625,0
787.502566576004,1.0374915954589843,-0.13999999999998636,17.634368088378903,0.10483551025390625,0
787.515567779541,0.9281745788574218,-0.13999999999998636,17.63128535522461,0.09720611572265625,0
787.5186951160431,0.8664466735839843,-0.08000000000004093,17.69602275146484,0.12772369384765625,0
787.5227003097534,0.8116157409667969,0.01999999999998181,17.535720627441403,0.10483551025390625,0
787.5281958580017,0.8285133239746093,-0.12000000000000455,18.411216843261716,0.10483551025390625,0
787.5331857204437,0.9085182067871094,-0.20000000000004547,17.705270950927734,0.12009429931640625,0
787.5374894142151,0.9378303405761719,-0.20000000000004547,17.554217026367187,0.10483551025390625,0
787.542649269104,0.9702461120605468,-0.13999999999998636,17.400080368652343,0.12772369384765625,0
787.5472874641418,1.057837664794922,-0.12000000000000455,17.606623489990234,0.12772369384765625,0
787.5520906448364,1.075080096435547,-0.22000000000002728,17.625119888916014,0.10483551025390625,0
787.5586452484131,1.1009437438964844,-0.03999999999996362,17.406245834960934,0.10483551025390625,0
787.5621974468231,1.1226692077636717,-0.10000000000002274,17.896400406494138,0.09720611572265625,0
787.5766139030457,1.0030067321777343,-0.10000000000002274,17.41241130126953,0.10483551025390625,0
787.6053202152252,0.9040351745605468,-0.08000000000004093,17.51105876220703,0.10483551025390625,0
787.6213257312775,1.0316291687011718,0.0,17.52030696166992,0.09720611572265625,0
787.6253530979156,1.0626655456542968,-0.12000000000000455,17.378501236572262,0.08194732666015625,0
787.6295912265778,1.0219734069824218,-0.03999999999996362,17.71760188354492,0.12009429931640625,0
787.6339116096497,1.0202491638183593,-0.03999999999996362,17.69910548461914,0.10483551025390625,0
787.6379249095917,1.0464576599121094,-0.01999999999998181,17.51105876220703,0.10483551025390625,0
787.6419780254364,0.9947303649902344,0.01999999999998181,17.378501236572262,0.10483551025390625,0
787.6477057933807,0.8681709167480468,-0.12000000000000455,17.603540756835937,0.09720611572265625,0
787.6524405479431,0.7136787292480469,-0.05999999999994543,17.634368088378903,0.08194732666015625,0
787.6576507091522,0.5512550231933594,-0.05999999999994543,17.504893295898437,0.12009429931640625,0
787.6634006500244,0.6474677917480468,-0.20000000000004547,17.609706223144528,0.12772369384765625,0
787.667397737503,0.7660957214355468,-0.13999999999998636,17.711436417236325,0.12772369384765625,0
787.6724026203156,0.7912696716308594,-0.10000000000002274,17.50797602905273,0.10483551025390625,0
787.685408115387,0.9447273132324219,-0.10000000000002274,17.6374508215332,0.13535308837890625,0
787.7134804725647,0.9178291198730468,-0.22000000000002728,17.609706223144528,0.10483551025390625,0
787.7294914722443,0.8495490905761718,-0.10000000000002274,17.705270950927734,0.12772369384765625,0
787.7324650287628,0.9105872985839844,-0.10000000000002274,17.597375290527342,0.12009429931640625,0
787.7374746799469,0.9412788269042969,-0.10000000000002274,17.523389694824218,0.10483551025390625,0
787.7425696849823,0.9754188415527343,-0.10000000000002274,17.37233577026367,0.12009429931640625,0
787.7476711273193,1.0478370544433593,-0.12000000000000455,17.58812709106445,0.12772369384765625,0
787.753490447998,1.0668037292480468,-0.03999999999996362,17.554217026367187,0.12009429931640625,0
787.7576475143433,1.0809425231933594,-0.15999999999996817,17.48023143066406,0.12772369384765625,0
787.7625806331635,1.0761146423339842,-0.12000000000000455,17.80700114501953,0.10483551025390625,0
787.767644405365,1.0016273376464844,-0.08000000000004093,17.70835368408203,0.08957672119140625,0
787.7726445198059,0.8636878845214844,-0.08000000000004093,17.504893295898437,0.12009429931640625,0
787.7784337997437,0.7450599548339844,-0.01999999999998181,18.207756455078123,0.12772369384765625,0
787.7825310230255,0.7360938903808594,0.0,17.594292557373045,0.12009429931640625,0
787.8026061058044,1.0043861267089842,-0.10000000000002274,17.594292557373045,0.12009429931640625,0
787.8335618972778,0.7457496520996093,-0.05999999999994543,17.665195419921872,0.12772369384765625,0
787.8416695594788,0.9292091247558594,-0.05999999999994543,17.42165950073242,0.12772369384765625,0
787.8455727100372,0.9347267028808594,-0.12000000000000455,18.01662699951172,0.12009429931640625,0
787.8506276607513,0.9585212585449219,-0.12000000000000455,17.67752635253906,0.09720611572265625,0
787.8546328544617,1.0099037048339843,-0.03999999999996362,17.48947963012695,0.12009429931640625,0
787.8583562374115,1.0471473571777343,-0.12000000000000455,17.37233577026367,0.12009429931640625,0
787.8623716831207,1.0202491638183593,-0.12000000000000455,17.736098282470703,0.10483551025390625,0
787.867645740509,0.9150703308105468,-0.08000000000004093,17.66827815307617,0.12009429931640625,0
787.8734357357025,0.8412727233886719,-0.01999999999998181,17.449404099121093,0.12009429931640625,0
787.8776915073395,0.8409278747558594,-0.12000000000000455,18.01662699951172,0.12772369384765625,0
787.8833322525024,0.8478248474121093,-0.08000000000004093,17.643616287841795,0.13535308837890625,0
787.8872046470642,0.8981727478027344,-0.03999999999996362,17.48023143066406,0.12772369384765625,0
787.8926959037781,0.9885230895996093,-0.03999999999996362,17.329177506103512,0.12772369384765625,0
787.9110286235809,1.1778449890136717,-0.13999999999998636,18.059785263671873,0.14298248291015625,0
787.937023639679,1.0364570495605467,-0.05999999999994543,17.474065964355468,0.12772369384765625,0
787.9510436058044,1.0454231140136718,-0.05999999999994543,17.625119888916014,0.10483551025390625,0
787.9555191993713,1.0095588562011717,-0.01999999999998181,17.47098323120117,0.10483551025390625,0
787.9586324691772,1.0519752380371092,0.05999999999994543,17.36308757080078,0.09720611572265625,0
787.962954044342,1.1240486022949219,0.05999999999994543,17.566547958984373,0.12009429931640625,0
787.9669172763824,1.1202552673339843,-0.05999999999994543,17.674443619384764,0.12009429931640625,0
787.9719111919403,1.1250831481933594,-0.01999999999998181,17.47098323120117,0.10483551025390625,0
787.9786102771759,1.1571540710449217,-0.15999999999996817,17.979634201660154,0.10483551025390625,0
787.9825601577759,1.1364631530761717,0.08000000000004093,17.58812709106445,0.09720611572265625,0
787.9875745773315,1.0988746520996093,0.08000000000004093,17.523389694824218,0.12009429931640625,0
787.9926035404205,1.0650794860839843,-0.05999999999994543,17.366170303955077,0.12009429931640625,0
787.9976718425751,0.9967994567871094,-0.03999999999996362,17.58196162475586,0.10483551025390625,0
788.0036067962646,0.8926551696777343,-0.01999999999998181,17.563465225830075,0.12772369384765625,0
788.0166442394257,0.9161048767089843,-0.13999999999998636,17.643616287841795,0.09720611572265625,0
788.0454490184784,1.0692176696777342,-0.10000000000002274,17.998130600585935,0.10483551025390625,0
788.062014579773,0.9999030944824219,-0.01999999999998181,17.751511948242186,0.13535308837890625,0
788.066018819809,0.9050697204589844,-0.03999999999996362,17.646699020996092,0.09720611572265625,0
788.0700466632843,0.7567848083496094,-0.10000000000002274,17.566547958984373,0.12009429931640625,0
788.0756208896637,0.6857459899902344,-0.10000000000002274,17.400080368652343,0.12009429931640625,0
788.0779714584351,0.6871253845214843,-0.08000000000004093,18.14301905883789,0.12009429931640625,0
788.0830271244049,0.7571296569824219,-0.08000000000004093,17.683691818847656,0.12009429931640625,0
788.0880243778229,0.7781654235839843,-0.03999999999996362,17.52030696166992,0.12772369384765625,0
788.0931224822998,0.7981666442871094,0.0,17.433990433349607,0.12009429931640625,0
788.0986385345459,0.8792060729980469,-0.12000000000000455,17.609706223144528,0.12009429931640625,0
788.1019749641418,0.8864478942871094,-0.08000000000004093,17.612788956298825,0.12009429931640625,0
788.1079785823822,0.9185188171386718,-0.08000000000004093,17.403163101806637,0.09720611572265625,0
788.1136090755463,0.9805915710449218,-0.03999999999996362,17.594292557373045,0.12009429931640625,0
788.1262035369873,1.0043861267089842,-0.15999999999996817,17.42165950073242,0.12009429931640625,0
788.155223608017,0.7374732849121094,-0.13999999999998636,17.50797602905273,0.09720611572265625,0
788.1716859340668,0.8892066833496093,-0.05999999999994543,17.52030696166992,0.12009429931640625,0
788.1746912002563,0.9388648864746093,-0.05999999999994543,17.483314163818356,0.12772369384765625,0
788.1791875362396,0.9709358093261719,-0.05999999999994543,17.64978175415039,0.12772369384765625,0
788.1835238933563,0.9847297546386719,-0.10000000000002274,17.683691818847656,0.12009429931640625,0
788.1871972084045,1.0033515808105469,-0.05999999999994543,17.529555161132812,0.12009429931640625,0
788.1926081180573,1.0364570495605467,-0.05999999999994543,17.384666702880857,0.12772369384765625,0
788.1975934505463,1.0099037048339843,-0.03999999999996362,17.58196162475586,0.09720611572265625,0
788.2026078701019,0.9585212585449219,-0.12000000000000455,17.615871689453122,0.12772369384765625,0
788.2071676254272,0.8874824401855468,-0.08000000000004093,17.492562363281248,0.12009429931640625,0
788.2136492729187,0.7736823913574219,-0.20000000000004547,17.606623489990234,0.10483551025390625,0
788.2176971435547,0.7409217712402344,-0.15999999999996817,17.72685008300781,0.09720611572265625,0
788.232647895813,0.8667915222167968,0.03999999999996362,17.63128535522461,0.08957672119140625,0
788.2622106075287,0.7122993347167969,0.03999999999996362,17.770008347167966,0.10483551025390625,0
788.2791583538055,0.8295478698730469,0.01999999999998181,17.646699020996092,0.10483551025390625,0
788.28360414505,0.8340309020996094,-0.05999999999994543,17.69602275146484,0.12772369384765625,0
788.2882006168365,0.9281745788574218,-0.05999999999994543,17.52030696166992,0.12772369384765625,0
788.2922446727753,0.9726600524902344,0.05999999999994543,17.387749436035154,0.12009429931640625,0
788.297248840332,0.9667976257324218,-0.03999999999996362,17.58812709106445,0.10483551025390625,0
788.3026070594788,1.0147315856933592,0.0,17.612788956298825,0.10483551025390625,0
788.3072364330292,1.0419746276855468,0.01999999999998181,17.48023143066406,0.10483551025390625,0
788.3126926422119,1.0012824890136718,0.01999999999998181,17.76692561401367,0.09720611572265625,0
788.3185675144196,0.9723152038574219,-0.05999999999994543,17.652864487304686,0.12772369384765625,0
788.3226344585419,0.8785163757324218,-0.03999999999996362,17.50181056274414,0.12009429931640625,0
788.3277025222778,0.7247138854980468,-0.15999999999996817,18.04437159790039,0.09720611572265625,0
788.3331761360168,0.6578132507324218,-0.12000000000000455,17.68677455200195,0.12772369384765625,0
788.3532435894012,0.8736884948730468,0.05999999999994543,17.58196162475586,0.10483551025390625,0
788.3791928291321,0.9999030944824219,-0.05999999999994543,17.71760188354492,0.09720611572265625,0
788.3934788703918,0.7671302673339844,-0.10000000000002274,17.4401558996582,0.08957672119140625,0
788.3975672721863,0.5995338317871094,-0.12000000000000455,17.606623489990234,0.12009429931640625,0
788.4025611877441,0.6860908386230469,-0.01999999999998181,17.625119888916014,0.12009429931640625,0
788.4076058864594,0.8243751403808594,-0.01999999999998181,17.495645096435545,0.12772369384765625,0
788.4122350215912,0.7788551208496094,-0.10000000000002274,17.979634201660154,0.12009429931640625,0
788.4172141551971,0.8823097106933593,-0.05999999999994543,17.705270950927734,0.12009429931640625,0
788.4222428798676,0.9326576110839844,-0.03999999999996362,17.50797602905273,0.09720611572265625,0
788.4276371002197,0.9188636657714844,-0.01999999999998181,18.540691635742185,0.13535308837890625,0
788.4326422214508,1.0023170349121093,-0.01999999999998181,17.606623489990234,0.10483551025390625,0
788.4371194839478,1.0516303894042969,-0.10000000000002274,17.529555161132812,0.12009429931640625,0
788.4576992988586,0.9771430847167968,-0.08000000000004093,17.48947963012695,0.12772369384765625,0
788.4830849170685,0.9212776062011718,-0.03999999999996362,17.689857285156247,0.09720611572265625,0
788.4970977306366,1.0492164489746094,-0.10000000000002274,17.591209824218748,0.10483551025390625,0
788.5012674331665,1.075080096435547,-0.05999999999994543,17.67752635253906,0.10483551025390625,0
788.5055961608887,1.0857704040527343,-0.13999999999998636,17.50181056274414,0.12009429931640625,0
788.5092079639435,1.0650794860839843,-0.13999999999998636,17.384666702880857,0.09720611572265625,0
788.5131049156189,1.0171455261230469,-0.12000000000000455,17.603540756835937,0.12009429931640625,0
788.5186052322388,0.9195533630371093,-0.05999999999994543,17.652864487304686,0.12009429931640625,0
788.523307800293,0.7712684509277343,-0.03999999999996362,17.48023143066406,0.08957672119140625,0
788.5270314216614,0.6688484069824219,-0.03999999999996362,18.364975845947264,0.12009429931640625,0
788.5335981845856,0.8002357360839844,-0.10000000000002274,17.66827815307617,0.10483551025390625,0
788.5381712913513,0.8764472839355468,-0.08000000000004093,17.495645096435545,0.10483551025390625,0
788.5433056354523,0.8481696960449219,-0.20000000000004547,17.406245834960934,0.12009429931640625,0
788.5473079681396,0.9195533630371093,-0.15999999999996817,17.56963069213867,0.12009429931640625,0
788.5603177547455,0.9816261169433593,-0.15999999999996817,17.563465225830075,0.12009429931640625,0
788.5904138088226,0.7854072448730468,-0.2799999999999727,17.46173503173828,0.12009429931640625,0
788.6066341400146,0.9443824645996093,0.0,17.48023143066406,0.12772369384765625,0
788.6102383136749,0.9578315612792968,-0.08000000000004093,17.48023143066406,0.12772369384765625,0
788.6146039962769,0.9109321472167968,-0.10000000000002274,17.554217026367187,0.12772369384765625,0
788.6181848049164,0.7992011901855468,-0.05999999999994543,17.62820262207031,0.10483551025390625,0
788.6222975254059,0.7071266052246094,-0.05999999999994543,17.467900498046873,0.10483551025390625,0
788.627613067627,0.6550544616699219,-0.12000000000000455,17.88715220703125,0.12009429931640625,0
788.6326425075531,0.7771308776855469,-0.10000000000002274,17.560382492675778,0.12772369384765625,0
788.6372020244598,0.8554115173339844,-0.03999999999996362,17.48947963012695,0.12772369384765625,0
788.6431839466095,0.8843788024902344,-0.03999999999996362,17.384666702880857,0.13535308837890625,0
788.6472051143646,0.9643836853027343,-0.10000000000002274,17.554217026367187,0.10483551025390625,0
788.6522114276886,1.0126624938964843,-0.05999999999994543,17.56963069213867,0.12772369384765625,0
788.6576173305511,1.0043861267089842,-0.01999999999998181,17.4432386328125,0.12772369384765625,0
788.6622452735901,1.0154212829589844,-0.12000000000000455,17.79467021240234,0.12772369384765625,0
788.6763923168182,0.8167884704589844,-0.08000000000004093,17.36308757080078,0.10483551025390625,0
788.7074997425079,0.9540382263183593,-0.08000000000004093,17.47098323120117,0.10483551025390625,0
788.7235004901886,0.6681587097167968,-0.08000000000004093,17.50797602905273,0.12009429931640625,0
788.7275702953339,0.6867805358886718,0.0,17.87482127441406,0.12772369384765625,0
788.733204126358,0.8350654479980468,0.0,17.671360886230467,0.10483551025390625,0
788.737478017807,0.8454109069824218,-0.13999999999998636,17.544968826904295,0.12772369384765625,0
788.7423725128174,0.8598945495605468,-0.05999999999994543,17.396997635498046,0.12772369384765625,0
788.7467522621155,0.9367957946777343,-0.01999999999998181,17.606623489990234,0.10483551025390625,0
788.7522268295288,0.9388648864746093,-0.01999999999998181,17.62820262207031,0.12009429931640625,0
788.7574782371521,0.9947303649902344,-0.01999999999998181,17.492562363281248,0.12772369384765625,0
788.7624893188477,0.9688667175292969,-0.08000000000004093,17.840911209716793,0.10483551025390625,0
788.7667644023895,0.8667915222167968,-0.17999999999994998,17.71760188354492,0.09720611572265625,0
788.7867908477783,0.8674812194824219,-0.13999999999998636,17.55113429321289,0.10483551025390625,0
788.8126039505005,1.0933570739746092,-0.10000000000002274,17.89331767333984,0.12009429931640625,0
788.8256943225861,0.9643836853027343,-0.10000000000002274,17.396997635498046,0.12009429931640625,0
788.8297152519226,0.8992072937011718,-0.08000000000004093,17.714519150390622,0.08957672119140625,0
788.8346354961395,0.7802345153808593,-0.08000000000004093,17.714519150390622,0.10483551025390625,0
788.8385956287384,0.8029945251464844,-0.13999999999998636,17.52030696166992,0.10483551025390625,0
788.842009305954,0.9298988220214843,-0.05999999999994543,17.39083216918945,0.09720611572265625,0
788.8479738235474,0.9536933776855469,-0.03999999999996362,17.606623489990234,0.10483551025390625,0
788.8519814014435,0.9899024841308594,-0.10000000000002274,17.622037155761717,0.12009429931640625,0
788.8575949668884,1.081977069091797,-0.10000000000002274,17.486396896972654,0.13535308837890625,0
788.8625922203064,1.0592170593261718,-0.22000000000002728,17.979634201660154,0.12009429931640625,0
788.8676075935364,1.0381812927246092,-0.03999999999996362,17.71760188354492,0.10483551025390625,0
788.87260222435,1.0285255310058594,0.0,17.50797602905273,0.10483551025390625,0
788.8776190280914,0.9140357849121094,-0.10000000000002274,18.22008738769531,0.09720611572265625,0
788.8916399478912,0.7578193542480468,-0.10000000000002274,17.486396896972654,0.10483551025390625,0
788.9197163581848,0.9005866882324218,-0.03999999999996362,17.58812709106445,0.10483551025390625,0
788.9357271194458,0.6685035583496094,-0.08000000000004093,17.615871689453122,0.12009429931640625,0
788.9396436214447,0.7633369323730469,0.0,17.532637894287106,0.09720611572265625,0
788.9430418014526,0.8302375671386718,-0.17999999999994998,17.449404099121093,0.12772369384765625,0
788.9480476379395,0.7750617858886718,0.0,17.615871689453122,0.10483551025390625,0
788.9530529975891,0.8464454528808594,0.0,17.58812709106445,0.09720611572265625,0
788.9586009979248,0.9167945739746093,-0.08000000000004093,17.41241130126953,0.10483551025390625,0
788.9620501995087,0.8792060729980469,-0.03999999999996362,17.853242142333983,0.10483551025390625,0
788.9680647850037,0.9561073181152343,-0.17999999999994998,17.66827815307617,0.12772369384765625,0
788.9736342430115,0.9581764099121093,-0.12000000000000455,17.486396896972654,0.12772369384765625,0
788.9779016971588,0.9264503356933593,-0.12000000000000455,18.32181758178711,0.10483551025390625,0
788.9827902317047,0.8943794128417968,-0.10000000000002274,17.603540756835937,0.09720611572265625,0
788.9870762825012,0.8050636169433594,-0.05999999999994543,17.535720627441403,0.10483551025390625,0
789.0011296272278,0.6226386901855469,-0.03999999999996362,17.69602275146484,0.10483551025390625,0
789.0301487445831,0.8309272644042969,-0.15999999999996817,17.594292557373045,0.12009429931640625,0
789.0471606254578,0.42883375854492184,-0.03999999999996362,17.606623489990234,0.12772369384765625,0
789.0511651039124,0.5981544372558594,-0.12000000000000455,17.69602275146484,0.10483551025390625,0
789.0556786060333,0.6629859802246093,-0.12000000000000455,17.514141495361326,0.10483551025390625,0
789.058599948883,0.6664344665527343,0.0,17.446321365966796,0.12772369384765625,0
789.0625932216644,0.6498817321777344,-0.10000000000002274,17.92414500488281,0.12772369384765625,0
789.0679543018341,0.7729926940917968,-0.10000000000002274,17.671360886230467,0.10483551025390625,0
789.0731704235077,0.7823036071777344,-0.03999999999996362,17.483314163818356,0.10483551025390625,0
789.0781834125519,0.7912696716308594,-0.17999999999994998,18.204673721923825,0.10483551025390625,0
789.0822048187256,0.8423072692871093,0.0,17.594292557373045,0.12009429931640625,0
789.0876293182373,0.8619636413574219,0.0,17.532637894287106,0.12009429931640625,0
789.0927107334137,0.8581703063964843,0.0,17.38158396972656,0.12772369384765625,0
789.0980405807495,0.8881721374511719,0.03999999999996362,17.597375290527342,0.10483551025390625,0
789.103123664856,0.8898963806152344,-0.03999999999996362,17.572713425292967,0.09720611572265625,0
789.1166343688965,0.8347205993652344,-0.01999999999998181,17.606623489990234,0.12772369384765625,0
789.1450989246368,0.7554054138183594,-0.01999999999998181,18.284824783935544,0.12009429931640625,0
789.1626889705658,0.8288581726074219,-0.12000000000000455,17.97346873535156,0.09720611572265625,0
789.1659262180328,0.8402381774902343,0.01999999999998181,17.625119888916014,0.12772369384765625,0
789.1702001094818,0.8895515319824219,-0.05999999999994543,17.541886093749998,0.10483551025390625,0
789.1755990982056,0.9223121520996094,-0.05999999999994543,17.384666702880857,0.12772369384765625,0
789.1791915893555,0.9285194274902343,-0.03999999999996362,17.71760188354492,0.12772369384765625,0
789.1822035312653,0.9536933776855469,-0.01999999999998181,17.591209824218748,0.09720611572265625,0
789.187310218811,1.0050758239746094,-0.01999999999998181,17.529555161132812,0.12772369384765625,0
789.1926319599152,1.0264564392089843,-0.15999999999996817,17.366170303955077,0.10483551025390625,0
789.1981062889099,1.0592170593261718,0.01999999999998181,17.575796158447265,0.10483551025390625,0
789.2032086849213,1.0964607116699219,-0.10000000000002274,17.560382492675778,0.09720611572265625,0
789.2072567939758,1.0985298034667967,-0.08000000000004093,17.47098323120117,0.12772369384765625,0
789.2276892662048,1.0723213073730469,-0.08000000000004093,17.79467021240234,0.10483551025390625,0
789.2573912143707,0.9298988220214843,0.10000000000002274,17.45865229858398,0.12772369384765625,0
789.2656099796295,0.9481757995605469,-0.13999999999998636,17.56963069213867,0.12009429931640625,0
789.2680583000183,0.9740394470214844,-0.15999999999996817,17.634368088378903,0.12009429931640625,0
789.2726836204529,0.9926612731933593,-0.15999999999996817,17.48023143066406,0.10483551025390625,0
789.278279542923,1.0288703796386718,-0.12000000000000455,18.124522659912106,0.12009429931640625,0
789.2821204662323,1.0581825134277343,-0.08000000000004093,17.56963069213867,0.12009429931640625,0
789.2881207466125,1.1023231384277343,-0.05999999999994543,17.483314163818356,0.12772369384765625,0
789.2930195331573,1.1264625427246093,-0.03999999999996362,17.384666702880857,0.12772369384765625,0
789.2980604171753,1.1450843688964842,-0.01999999999998181,17.566547958984373,0.12772369384765625,0
789.3031051158905,1.1733619567871094,0.0,17.554217026367187,0.12772369384765625,0
789.3085119724274,1.181983172607422,0.0,17.39083216918945,0.12772369384765625,0
789.3119575977325,1.1778449890136717,-0.12000000000000455,17.75767741455078,0.12009429931640625,0
789.332093000412,1.0623206970214842,-0.10000000000002274,17.56963069213867,0.10483551025390625,0
789.3571112155914,0.9747291442871093,-0.08000000000004093,17.446321365966796,0.12009429931640625,0
789.3716645240784,1.0468025085449217,-0.13999999999998636,17.486396896972654,0.12772369384765625,0
789.3750295639038,1.0802528259277344,-0.15999999999996817,17.360004837646482,0.09720611572265625,0
789.380010843277,1.1054267761230467,-0.15999999999996817,17.554217026367187,0.12772369384765625,0
789.3839905261993,1.1105995056152342,-0.08000000000004093,17.66827815307617,0.12009429931640625,0
789.3869934082031,1.1068061706542969,-0.03999999999996362,17.51105876220703,0.10483551025390625,0
789.3920049667358,1.0999091979980469,-0.03999999999996362,17.347673905029296,0.14298248291015625,0
789.3971693515778,1.0419746276855468,-0.01999999999998181,17.548051560058592,0.12772369384765625,0
789.4031717777252,0.8829994079589844,-0.12000000000000455,17.535720627441403,0.14298248291015625,0
789.4082019329071,0.7595435974121093,-0.08000000000004093,17.38158396972656,0.12772369384765625,0
789.413192987442,0.7429908630371094,-0.20000000000004547,17.548051560058592,0.13535308837890625,0
789.4180526733398,0.8433418151855469,-0.01999999999998181,17.625119888916014,0.12009429931640625,0
789.4229927062988,0.9230018493652343,-0.01999999999998181,17.4401558996582,0.10483551025390625,0
789.4281044006348,0.9154151794433594,0.01999999999998181,18.059785263671873,0.12009429931640625,0
789.4410979747772,1.0757697937011719,-0.05999999999994543,17.418576767578124,0.13535308837890625,0
789.4700901508331,0.9302436706542968,-0.01999999999998181,17.504893295898437,0.12772369384765625,0
789.487095117569,0.9678321716308593,-0.08000000000004093,17.492562363281248,0.10483551025390625,0
789.4900946617126,1.0361122009277344,-0.15999999999996817,17.46173503173828,0.10483551025390625,0
789.4941000938416,1.0568031188964844,-0.15999999999996817,18.247831986083984,0.09720611572265625,0
789.4980819225311,1.0109382507324218,-0.15999999999996817,17.58812709106445,0.09720611572265625,0
789.5031025409698,0.9240363952636719,-0.08000000000004093,17.560382492675778,0.08957672119140625,0
789.508141040802,0.7964424011230469,-0.03999999999996362,17.42165950073242,0.10483551025390625,0
789.5131862163544,0.6722968933105469,-0.15999999999996817,17.622037155761717,0.12009429931640625,0
789.5184409618378,0.7188514587402344,-0.15999999999996817,17.671360886230467,0.10483551025390625,0
789.5225167274475,0.8529975769042968,-0.05999999999994543,17.51105876220703,0.09720611572265625,0
789.528163433075,0.9030006286621093,0.0,18.46670604003906,0.12772369384765625,0
789.5331814289093,0.8916206237792969,0.03999999999996362,17.683691818847656,0.09720611572265625,0
789.5381810665131,0.9785224792480468,-0.05999999999994543,17.523389694824218,0.12009429931640625,0
789.5522935390472,0.6840217468261719,-0.17999999999994998,17.6374508215332,0.09720611572265625,0
789.5823948383331,1.0250770446777344,-0.17999999999994998,17.615871689453122,0.12009429931640625,0
789.5992588996887,0.8478248474121093,-0.13999999999998636,17.622037155761717,0.09720611572265625,0
789.6032705307007,0.7781654235839843,-0.03999999999996362,17.58196162475586,0.09720611572265625,0
789.6074271202087,0.7367835876464843,-0.03999999999996362,17.50181056274414,0.09720611572265625,0
789.6124114990234,0.8516181823730469,-0.03999999999996362,17.970386002197262,0.09720611572265625,0
789.6176521778107,0.9678321716308593,-0.12000000000000455,17.71760188354492,0.12772369384765625,0
789.6230471134186,0.9419685241699218,-0.08000000000004093,17.495645096435545,0.10483551025390625,0
789.6280515193939,1.0592170593261718,-0.20000000000004547,18.3279830480957,0.10483551025390625,0
789.6334323883057,1.0974952575683594,-0.15999999999996817,17.66827815307617,0.12009429931640625,0
789.6376101970673,1.0837013122558594,-0.15999999999996817,17.532637894287106,0.14298248291015625,0
789.6426253318787,1.1078407165527344,-0.08000000000004093,17.378501236572262,0.10483551025390625,0
789.6626234054565,0.9167945739746093,-0.05999999999994543,17.97346873535156,0.10483551025390625,0
789.6886820793152,1.1181861755371094,-0.15999999999996817,17.548051560058592,0.12009429931640625,0
789.7026870250702,1.1016334411621094,-0.15999999999996817,17.64978175415039,0.10483551025390625,0
789.7064893245697,1.0581825134277343,-0.10000000000002274,17.529555161132812,0.12009429931640625,0
789.7105033397675,0.9757636901855469,-0.10000000000002274,17.47098323120117,0.12009429931640625,0
789.7135095596313,0.8957588073730468,-0.17999999999994998,17.646699020996092,0.10483551025390625,0
789.7176184654236,0.8571357604980469,0.01999999999998181,17.74534648193359,0.09720611572265625,0
789.7235984802246,0.8854133483886718,0.01999999999998181,17.514141495361326,0.10483551025390625,0
789.7270472049713,0.9419685241699218,-0.10000000000002274,17.880986740722655,0.10483551025390625,0
789.7335414886475,0.9916267272949219,-0.01999999999998181,17.689857285156247,0.10483551025390625,0
789.7375347614288,1.0271461364746093,-0.13999999999998636,17.563465225830075,0.12009429931640625,0
789.7424962520599,1.1040473815917968,-0.08000000000004093,17.400080368652343,0.09720611572265625,0
789.7475073337555,1.1299110290527343,-0.08000000000004093,17.597375290527342,0.12009429931640625,0
789.7526247501373,1.1230140563964843,-0.05999999999994543,17.63128535522461,0.12009429931640625,0
789.7675938606262,0.9071388122558594,-0.05999999999994543,17.714519150390622,0.12009429931640625,0
789.7966241836548,0.9599006530761718,-0.12000000000000455,17.634368088378903,0.09720611572265625,0
789.8132138252258,0.9740394470214844,0.0,17.615871689453122,0.08194732666015625,0
789.817610502243,0.9130012390136718,-0.08000000000004093,17.723767349853514,0.10483551025390625,0
789.8225574493408,0.8005805847167968,-0.12000000000000455,17.535720627441403,0.10483551025390625,0
789.8275671005249,0.5902229187011718,-0.10000000000002274,17.911814072265624,0.10483551025390625,0
789.8321595191956,0.6505714294433593,-0.22000000000002728,17.615871689453122,0.10483551025390625,0
789.8382332324982,0.8016151306152344,-0.17999999999994998,17.514141495361326,0.09720611572265625,0
789.8426258563995,0.8212715026855468,-0.17999999999994998,17.400080368652343,0.12009429931640625,0
789.8482210636139,0.8302375671386718,-0.08000000000004093,17.603540756835937,0.12009429931640625,0
789.8521952629089,0.9330024597167969,-0.05999999999994543,17.63128535522461,0.12772369384765625,0
789.8571965694427,0.9350715515136718,-0.01999999999998181,17.483314163818356,0.10483551025390625,0
789.8622026443481,0.9130012390136718,-0.13999999999998636,17.85632487548828,0.10483551025390625,0
789.8825929164886,0.6778144714355469,-0.13999999999998636,17.615871689453122,0.12772369384765625,0
789.9122407436371,0.9788673278808593,-0.10000000000002274,17.88715220703125,0.09720611572265625,0
789.9212431907654,1.0081794616699218,-0.08000000000004093,17.50797602905273,0.08957672119140625,0
789.9252433776855,1.026801287841797,-0.15999999999996817,17.400080368652343,0.12009429931640625,0
789.9283449649811,0.9861091491699219,-0.10000000000002274,18.244749252929687,0.12009429931640625,0
789.9324276447296,0.9312782165527344,-0.08000000000004093,17.594292557373045,0.12009429931640625,0
789.9374346733093,0.8781715270996093,-0.08000000000004093,17.535720627441403,0.10483551025390625,0
789.9424557685852,0.7885108825683593,-0.03999999999996362,17.38158396972656,0.10483551025390625,0
789.9486176967621,0.7116096374511719,-0.15999999999996817,17.594292557373045,0.13535308837890625,0
789.9521930217743,0.7716132995605468,-0.13999999999998636,17.606623489990234,0.12009429931640625,0
789.9576773643494,0.8643775817871093,-0.13999999999998636,17.449404099121093,0.12009429931640625,0
789.9635031223297,0.8716194030761718,-0.08000000000004093,17.58196162475586,0.10483551025390625,0
789.9675004482269,0.8971382019042968,-0.03999999999996362,17.68677455200195,0.12009429931640625,0
789.980509519577,1.0081794616699218,-0.13999999999998636,17.566547958984373,0.12009429931640625,0
790.0095915794373,0.8505836364746093,0.03999999999996362,17.360004837646482,0.10483551025390625,0
790.02663230896,0.9674873229980469,-0.01999999999998181,17.369253037109374,0.12009429931640625,0
790.02960729599,0.9516242858886719,-0.12000000000000455,17.840911209716793,0.10483551025390625,0
790.0346701145172,1.0399055358886717,-0.15999999999996817,17.674443619384764,0.12009429931640625,0
790.0385844707489,1.085425555419922,-0.15999999999996817,17.48023143066406,0.13535308837890625,0
790.0426695346832,1.0602516052246094,-0.10000000000002274,17.360004837646482,0.12772369384765625,0
790.0475924015045,1.0650794860839843,-0.05999999999994543,17.560382492675778,0.10483551025390625,0
790.0520586967468,1.0602516052246094,-0.05999999999994543,17.603540756835937,0.10483551025390625,0
790.0572814941406,0.9654182312011719,-0.15999999999996817,17.446321365966796,0.12009429931640625,0
790.0623519420624,0.9061042663574218,-0.12000000000000455,18.213921921386717,0.10483551025390625,0
790.0673549175262,0.9167945739746093,-0.08000000000004093,17.665195419921872,0.13535308837890625,0
790.0725908279419,0.9254157897949218,-0.05999999999994543,17.45248683227539,0.12009429931640625,0
790.0775909423828,0.9719703552246093,-0.15999999999996817,17.970386002197262,0.10483551025390625,0
790.0830371379852,1.0423194763183594,-0.15999999999996817,17.625119888916014,0.12772369384765625,0
790.1095910072327,1.2175025817871092,-0.22000000000002728,17.344591171875,0.10483551025390625,0
790.1531362533569,1.1495674011230468,-0.03999999999996362,17.544968826904295,0.09720611572265625,0
790.1701312065125,0.9543830749511718,-0.15999999999996817,17.548051560058592,0.09720611572265625,0
790.1741836071014,0.8592048522949218,-0.12000000000000455,17.486396896972654,0.10483551025390625,0
790.1781711578369,0.7274726745605469,-0.15999999999996817,18.07211619628906,0.12009429931640625,0
790.1832139492035,0.7195411560058593,-0.15999999999996817,17.64978175415039,0.12772369384765625,0
790.1871433258057,0.8723091003417969,-0.08000000000004093,17.548051560058592,0.10483551025390625,0
790.1931502819061,0.8874824401855468,-0.03999999999996362,17.427824967041015,0.09720611572265625,0
790.2131948471069,0.9005866882324218,-0.15999999999996817,17.609706223144528,0.09720611572265625,0
790.2397248744965,0.9054145690917969,-0.10000000000002274,17.504893295898437,0.09720611572265625,0
790.2532179355621,0.9950752136230469,-0.10000000000002274,17.585044357910153,0.10483551025390625,0
790.2571613788605,1.0399055358886717,-0.03999999999996362,17.492562363281248,0.10483551025390625,0
790.2632353305817,0.9457618591308593,-0.03999999999996362,17.603540756835937,0.10483551025390625,0
790.2672741413116,0.9133460876464843,-0.08000000000004093,17.723767349853514,0.12009429931640625,0
790.2726526260376,0.8160987731933593,0.0,17.529555161132812,0.10483551025390625,0
790.2785890102386,0.6743659851074219,-0.12000000000000455,18.155349991455076,0.12009429931640625,0
790.2823479175568,0.6747108337402343,-0.08000000000004093,17.62820262207031,0.09720611572265625,0
790.287350654602,0.8157539245605469,-0.08000000000004093,17.563465225830075,0.09720611572265625,0
790.2926177978516,0.8778266784667969,-0.03999999999996362,17.396997635498046,0.09720611572265625,0
790.2985379695892,0.8750678894042968,-0.10000000000002274,17.606623489990234,0.12009429931640625,0
790.3033609390259,0.9709358093261719,-0.22000000000002728,17.58196162475586,0.12772369384765625,0
790.3164482116699,0.8685157653808593,0.0,17.62820262207031,0.08957672119140625,0
790.3455460071564,0.9123115417480469,-0.10000000000002274,18.36805857910156,0.12009429931640625,0
790.362544298172,0.9130012390136718,0.0,18.056702530517576,0.09720611572265625,0
790.3666749000549,0.8605842468261719,-0.20000000000004547,17.64978175415039,0.09720611572265625,0
790.3700597286224,0.7588539001464844,-0.05999999999994543,17.603540756835937,0.12009429931640625,0
790.3755881786346,0.7081611511230469,-0.05999999999994543,17.446321365966796,0.10483551025390625,0
790.378054857254,0.7378181335449219,-0.15999999999996817,18.432795975341794,0.10483551025390625,0
790.383059501648,0.8533424255371094,-0.15999999999996817,17.66827815307617,0.12009429931640625,0
790.3880665302277,0.8919654724121093,-0.10000000000002274,17.535720627441403,0.12772369384765625,0
790.3925879001617,0.9212776062011718,-0.03999999999996362,17.403163101806637,0.13535308837890625,0
790.3985822200775,1.0264564392089843,0.0,17.622037155761717,0.10483551025390625,0
790.4022724628448,1.0747352478027343,-0.10000000000002274,17.6374508215332,0.09720611572265625,0
790.4076082706451,1.0219734069824218,-0.10000000000002274,17.495645096435545,0.10483551025390625,0
790.438628911972,0.9233466979980468,-0.20000000000004547,17.529555161132812,0.10483551025390625,0
790.4926455020905,0.6895393249511719,-0.12000000000000455,17.400080368652343,0.12009429931640625,0
790.513699054718,0.8550666687011719,-0.13999999999998636,17.615871689453122,0.12009429931640625,0
790.517703294754,0.9447273132324219,-0.13999999999998636,17.705270950927734,0.09720611572265625,0
790.537591457367,1.0240424987792969,-0.01999999999998181,17.541886093749998,0.12772369384765625,0
790.5796189308167,0.8526527282714843,0.0,17.82549754394531,0.12772369384765625,0
790.596586227417,0.9802467224121093,-0.05999999999994543,17.683691818847656,0.12772369384765625,0
790.5995917320251,1.0236976501464843,-0.08000000000004093,17.594292557373045,0.10483551025390625,0
790.604006767273,1.0478370544433593,-0.08000000000004093,17.529555161132812,0.12772369384765625,0
790.6075828075409,1.0257667419433594,-0.15999999999996817,17.483314163818356,0.10483551025390625,0
790.6119666099548,1.0288703796386718,-0.10000000000002274,18.32181758178711,0.12009429931640625,0
790.6169826984406,0.9943855163574218,-0.08000000000004093,17.69910548461914,0.10483551025390625,0
790.621997833252,0.9126563903808593,-0.08000000000004093,17.50797602905273,0.09720611572265625,0
790.6269924640656,0.8323066589355469,-0.20000000000004547,17.66827815307617,0.10483551025390625,0
790.6519839763641,0.9178291198730468,0.0,17.606623489990234,0.10483551025390625,0
790.7030355930328,0.9040351745605468,-0.12000000000000455,17.55113429321289,0.10483551025390625,0
790.7244613170624,0.9130012390136718,-0.13999999999998636,17.446321365966796,0.12009429931640625,0
790.7270460128784,0.8985175964355469,-0.01999999999998181,17.6374508215332,0.12772369384765625,0
790.7335269451141,0.9392097351074218,-0.05999999999994543,17.615871689453122,0.10483551025390625,0
790.737063407898,0.9936958190917968,-0.03999999999996362,17.51105876220703,0.10483551025390625,0
790.7540774345398,1.0792182800292969,-0.03999999999996362,17.492562363281248,0.12772369384765625,0
790.8061029911041,1.0133521911621093,-0.15999999999996817,17.449404099121093,0.12772369384765625,0
790.8321743011475,1.2219856140136718,-0.05999999999994543,17.535720627441403,0.12772369384765625,0
790.8362896442413,1.140601336669922,-0.05999999999994543,17.535720627441403,0.12009429931640625,0
790.8403463363647,1.1047370788574218,-0.05999999999994543,17.42165950073242,0.12009429931640625,0
790.8443636894226,1.0978401062011718,-0.05999999999994543,18.183094589843748,0.14298248291015625,0
790.8483738899231,1.0461128112792968,-0.03999999999996362,17.544968826904295,0.14298248291015625,0
790.8784611225128,1.1264625427246093,-0.13999999999998636,18.500616104736327,0.12772369384765625,0
790.9324960708618,1.0023170349121093,-0.10000000000002274,17.597375290527342,0.12772369384765625,0
790.9496612548828,1.1674995300292967,-0.05999999999994543,17.609706223144528,0.09720611572265625,0
790.9530563354492,1.1906043884277344,-0.20000000000004547,17.591209824218748,0.12009429931640625,0
790.9671063423157,1.0492164489746094,-0.20000000000004547,17.71760188354492,0.12009429931640625,0
790.9961256980896,1.1674995300292967,-0.08000000000004093,17.760760147705078,0.12009429931640625,0
791.013058423996,1.0530097839355468,-0.10000000000002274,17.646699020996092,0.09720611572265625,0
791.018059015274,0.8888618347167968,-0.01999999999998181,17.69602275146484,0.10483551025390625,0
791.0235748291016,0.7612678405761718,-0.01999999999998181,17.52030696166992,0.10483551025390625,0
791.0270886421204,0.9147254821777343,-0.12000000000000455,17.69602275146484,0.12009429931640625,0
791.0321576595306,1.0788734313964843,-0.2400000000000091,17.622037155761717,0.12009429931640625,0
791.0385823249817,1.037146746826172,-0.2400000000000091,17.535720627441403,0.12009429931640625,0
791.0421566963196,1.0843910095214844,-0.03999999999996362,17.400080368652343,0.12009429931640625,0
791.0481970310211,1.1002540466308592,-0.05999999999994543,17.609706223144528,0.10483551025390625,0
791.0526134967804,0.9847297546386719,-0.03999999999996362,17.6374508215332,0.10483551025390625,0
791.0581228733063,0.8509284851074218,-0.12000000000000455,17.45248683227539,0.10483551025390625,0
791.0631320476532,0.8574806091308593,-0.08000000000004093,17.63128535522461,0.12009429931640625,0
791.0871429443359,0.9619697448730469,-0.01999999999998181,17.58196162475586,0.10483551025390625,0
791.1321732997894,1.0143867370605468,-0.12000000000000455,17.609706223144528,0.12009429931640625,0
791.1507046222687,0.6871253845214843,-0.03999999999996362,17.711436417236325,0.12772369384765625,0
791.1541855335236,0.7212653991699218,-0.13999999999998636,17.544968826904295,0.09720611572265625,0
791.1571934223175,0.8398933288574219,-0.12000000000000455,17.504893295898437,0.10483551025390625,0
791.1621963977814,0.9233466979980468,-0.12000000000000455,18.204673721923825,0.09720611572265625,0
791.1676158905029,0.9195533630371093,-0.08000000000004093,17.71760188354492,0.10483551025390625,0
791.1725807189941,0.9699012634277343,-0.17999999999994998,17.523389694824218,0.10483551025390625,0
791.1776034832001,1.0464576599121094,-0.13999999999998636,17.77617381347656,0.10483551025390625,0
791.1916835308075,0.9692115661621094,-0.13999999999998636,17.486396896972654,0.12772369384765625,0
791.2211410999298,0.9092079040527343,-0.05999999999994543,17.541886093749998,0.12772369384765625,0
791.2381460666656,1.0392158386230468,-0.12000000000000455,17.526472427978515,0.12009429931640625,0
791.2434840202332,1.0250770446777344,-0.01999999999998181,17.418576767578124,0.12009429931640625,0
791.248304605484,0.9626594421386718,-0.03999999999996362,17.606623489990234,0.10483551025390625,0
791.2531332969666,0.8874824401855468,-0.01999999999998181,17.597375290527342,0.09720611572265625,0
791.2581505775452,0.9323127624511718,-0.01999999999998181,17.449404099121093,0.12009429931640625,0
791.2632257938385,1.0154212829589844,-0.08000000000004093,17.64978175415039,0.12009429931640625,0
791.2675201892853,1.0602516052246094,-0.03999999999996362,17.711436417236325,0.12772369384765625,0
791.2734818458557,1.1309455749511719,0.0,17.492562363281248,0.12009429931640625,0
791.2782301902771,1.1954322692871093,-0.10000000000002274,18.522195236816405,0.12772369384765625,0
791.2822687625885,1.1868110534667968,-0.10000000000002274,17.603540756835937,0.10483551025390625,0
791.287248134613,1.2057777282714843,-0.05999999999994543,17.544968826904295,0.12772369384765625,0
791.3175795078278,1.0926673767089843,0.0,17.69602275146484,0.09720611572265625,0
791.360141992569,0.7981666442871094,-0.12000000000000455,17.41241130126953,0.12009429931640625,0
791.3775787353516,1.0278358337402342,-0.03999999999996362,17.634368088378903,0.13535308837890625,0
791.3814809322357,1.088874041748047,-0.15999999999996817,17.55113429321289,0.12009429931640625,0
791.3841488361359,1.1274970886230469,-0.01999999999998181,17.671360886230467,0.12009429931640625,0
791.3891530036926,1.075080096435547,-0.01999999999998181,17.486396896972654,0.12772369384765625,0
791.3921556472778,1.0554237243652342,-0.15999999999996817,17.350756638183594,0.12009429931640625,0
791.4060623645782,0.8650672790527343,-0.08000000000004093,17.48023143066406,0.10483551025390625,0
791.4360852241516,1.1812934753417967,-0.08000000000004093,17.56963069213867,0.10483551025390625,0
791.4530961513519,1.0123176452636717,-0.10000000000002274,17.541886093749998,0.12009429931640625,0
791.4570636749268,1.0654243347167969,-0.12000000000000455,17.446321365966796,0.12009429931640625,0
791.4631497859955,1.0885291931152343,-0.12000000000000455,17.575796158447265,0.09720611572265625,0
791.4681534767151,1.0350776550292968,-0.08000000000004093,17.646699020996092,0.12772369384765625,0
791.4735779762268,1.0661140319824218,0.01999999999998181,17.47098323120117,0.12009429931640625,0
791.4785859584808,1.0723213073730469,-0.08000000000004093,18.28790751708984,0.12009429931640625,0
791.4821395874023,0.9881782409667969,-0.03999999999996362,17.591209824218748,0.12772369384765625,0
791.4881565570831,0.7912696716308594,-0.13999999999998636,17.514141495361326,0.12009429931640625,0
791.4931607246399,0.7485084411621094,-0.05999999999994543,17.42165950073242,0.12772369384765625,0
791.4980962276459,0.8919654724121093,-0.05999999999994543,17.58812709106445,0.12009429931640625,0
791.5031037330627,0.9426582214355468,-0.01999999999998181,17.591209824218748,0.10483551025390625,0
791.5161159038544,1.0719764587402343,0.01999999999998181,17.625119888916014,0.10483551025390625,0
791.5456373691559,0.9847297546386719,-0.08000000000004093,18.303321182861325,0.12009429931640625,0
791.5618348121643,1.1178413269042968,-0.12000000000000455,18.06286799682617,0.10483551025390625,0
791.5658421516418,1.0895637390136719,-0.13999999999998636,17.612788956298825,0.10483551025390625,0
791.569855928421,1.0995643493652343,-0.13999999999998636,17.585044357910153,0.09720611572265625,0
791.5738685131073,1.0788734313964843,-0.13999999999998636,17.48947963012695,0.09720611572265625,0
791.577874660492,1.0454231140136718,-0.08000000000004093,18.38963771118164,0.10483551025390625,0
791.5826671123505,0.9423133728027343,-0.05999999999994543,17.609706223144528,0.09720611572265625,0
791.588027715683,0.8692054626464844,-0.05999999999994543,17.529555161132812,0.12009429931640625,0
791.5931663513184,0.9388648864746093,-0.13999999999998636,17.43090770019531,0.10483551025390625,0
791.598002910614,1.0095588562011717,-0.13999999999998636,17.609706223144528,0.12772369384765625,0
791.6031301021576,1.0112830993652342,-0.10000000000002274,17.58812709106445,0.12009429931640625,0
791.6086101531982,1.0678382751464843,-0.17999999999994998,17.43090770019531,0.10483551025390625,0
791.6125767230988,1.1399116394042967,0.0,18.189260056152342,0.08957672119140625,0
791.6261548995972,1.1968116638183592,0.0,17.396997635498046,0.12009429931640625,0
791.6551666259766,1.0050758239746094,-0.08000000000004093,17.52030696166992,0.10483551025390625,0
791.6722912788391,1.1116340515136718,0.0,17.523389694824218,0.12009429931640625,0
791.6752758026123,1.1330146667480467,-0.10000000000002274,17.424742233886718,0.10483551025390625,0
791.6791534423828,1.1292213317871094,-0.15999999999996817,17.77617381347656,0.08194732666015625,0
791.6846904754639,1.1057716247558593,-0.15999999999996817,17.739181015624997,0.08194732666015625,0
791.688045501709,1.0726661560058592,-0.12000000000000455,17.541886093749998,0.10483551025390625,0
791.6932330131531,0.9599006530761718,-0.05999999999994543,17.446321365966796,0.10483551025390625,0
791.6971302032471,0.8157539245605469,-0.03999999999996362,17.634368088378903,0.08194732666015625,0
791.7031409740448,0.6805732604980469,-0.03999999999996362,17.622037155761717,0.12009429931640625,0
791.7083389759064,0.8033393737792969,-0.15999999999996817,17.464817764892576,0.09720611572265625,0
791.7124927043915,0.8888618347167968,-0.05999999999994543,18.08136439575195,0.08957672119140625,0
791.7176010608673,0.8650672790527343,-0.01999999999998181,17.733015549316406,0.10483551025390625,0
791.7315762042999,1.0168006774902343,-0.13999999999998636,17.615871689453122,0.10483551025390625,0
791.7601473331451,0.7581642028808594,-0.10000000000002274,17.4432386328125,0.12772369384765625,0
791.7771406173706,0.8992072937011718,-0.01999999999998181,17.754594681396483,0.10483551025390625,0
791.7811436653137,0.9736945983886718,-0.05999999999994543,17.603540756835937,0.09720611572265625,0
791.7861454486847,1.0209388610839842,-0.05999999999994543,17.609706223144528,0.09720611572265625,0
791.7906610965729,0.9823158142089843,-0.08000000000004093,17.50797602905273,0.08957672119140625,0
791.7946584224701,0.8792060729980469,-0.15999999999996817,18.420465042724608,0.09720611572265625,0
791.7985832691193,0.7285072204589843,-0.12000000000000455,17.622037155761717,0.10483551025390625,0
791.8031582832336,0.5771186706542969,-0.12000000000000455,17.612788956298825,0.10483551025390625,0
791.8078911304474,0.6619514343261719,-0.20000000000004547,17.47098323120117,0.12772369384765625,0
791.8126039505005,0.7895454284667969,-0.15999999999996817,18.266328385009764,0.10483551025390625,0
791.8176152706146,0.8260993835449219,-0.10000000000002274,17.723767349853514,0.09720611572265625,0
791.8226161003113,0.8105811950683594,-0.10000000000002274,17.523389694824218,0.12009429931640625,0
791.8286015987396,0.9381751892089844,-0.01999999999998181,18.562270767822262,0.12009429931640625,0
791.8320698738098,0.9457618591308593,0.01999999999998181,17.609706223144528,0.10483551025390625,0
791.8521506786346,0.7660957214355468,-0.08000000000004093,17.646699020996092,0.10483551025390625,0
791.8782563209534,1.0195594665527343,-0.05999999999994543,18.38963771118164,0.12772369384765625,0
791.8923161029816,1.0719764587402343,-0.17999999999994998,17.378501236572262,0.10483551025390625,0
791.8961565494537,1.037146746826172,-0.13999999999998636,17.69602275146484,0.12772369384765625,0
791.9006073474884,0.9733497497558593,-0.20000000000004547,17.683691818847656,0.13535308837890625,0
791.9051871299744,0.8829994079589844,-0.20000000000004547,17.514141495361326,0.12772369384765625,0
791.9091925621033,0.8219611999511719,-0.13999999999998636,17.38158396972656,0.12009429931640625,0
791.9136061668396,0.8302375671386718,-0.10000000000002274,17.606623489990234,0.12772369384765625,0
791.9182395935059,0.8995521423339843,-0.10000000000002274,17.66827815307617,0.12009429931640625,0
791.9226508140564,0.9398994323730469,-0.08000000000004093,17.486396896972654,0.09720611572265625,0
791.9276556968689,0.9585212585449219,-0.01999999999998181,17.535720627441403,0.10483551025390625,0
791.933525800705,1.0074897644042968,0.01999999999998181,17.625119888916014,0.12772369384765625,0
791.9372022151947,1.0705970642089844,-0.10000000000002274,17.52030696166992,0.13535308837890625,0
791.9572832584381,1.1806037780761718,-0.10000000000002274,17.45248683227539,0.09720611572265625,0
791.9878153800964,0.9519691345214844,-0.05999999999994543,17.486396896972654,0.12009429931640625,0
791.995941400528,0.9840400573730468,0.05999999999994543,17.634368088378903,0.10483551025390625,0
792.0006632804871,1.0043861267089842,-0.05999999999994543,17.64978175415039,0.10483551025390625,0
792.0042893886566,1.0464576599121094,-0.01999999999998181,17.486396896972654,0.09720611572265625,0
792.0079181194305,1.0837013122558594,-0.01999999999998181,17.40932856811523,0.12772369384765625,0
792.0126326084137,1.1064613220214843,0.0,17.998130600585935,0.12009429931640625,0
792.0169434547424,1.1333595153808593,0.05999999999994543,17.66827815307617,0.12009429931640625,0
792.0232779979706,1.1902595397949218,-0.08000000000004093,17.45865229858398,0.13535308837890625,0
792.0276572704315,1.2199165222167967,-0.05999999999994543,17.464817764892576,0.10483551025390625,0
792.0329163074493,1.2219856140136718,-0.05999999999994543,17.625119888916014,0.10483551025390625,0
792.0384390354156,1.2323310729980468,-0.17999999999994998,17.48023143066406,0.12772369384765625,0
792.0419156551361,1.2388831970214842,-0.12000000000000455,17.344591171875,0.10483551025390625,0
792.0479364395142,1.2271583435058593,0.08000000000004093,17.56963069213867,0.10483551025390625,0
792.0615727901459,1.0874946472167968,-0.05999999999994543,18.133770859374998,0.13535308837890625,0
792.0906503200531,1.2481941101074219,-0.03999999999996362,17.41241130126953,0.13535308837890625,0
792.106930732727,1.3302680847167967,-0.12000000000000455,17.406245834960934,0.12009429931640625,0
792.1116104125977,1.3702705261230468,-0.12000000000000455,17.995047867431637,0.12772369384765625,0
792.1165928840637,1.3988929626464843,-0.12000000000000455,17.526472427978515,0.13535308837890625,0
792.120662689209,1.3281989929199218,-0.01999999999998181,17.486396896972654,0.12009429931640625,0
792.1240336894989,1.3619941589355469,-0.13999999999998636,17.406245834960934,0.12772369384765625,0
792.1281547546387,1.3509590026855467,-0.12000000000000455,17.988882401123046,0.13535308837890625,0
792.133059501648,1.2819892761230467,-0.12000000000000455,17.575796158447265,0.12772369384765625,0
792.138662815094,1.2340553161621093,-0.08000000000004093,17.43090770019531,0.12772369384765625,0
792.142664194107,1.1378425476074219,-0.03999999999996362,17.307598374023435,0.14298248291015625,0
792.1475958824158,1.0043861267089842,-0.01999999999998181,17.529555161132812,0.13535308837890625,0
792.1536154747009,0.9861091491699219,-0.01999999999998181,17.52030696166992,0.10483551025390625,0
792.1576189994812,1.075080096435547,-0.12000000000000455,17.40932856811523,0.15824127197265625,0
792.1626219749451,1.1640510437011717,-0.08000000000004093,17.77617381347656,0.12772369384765625,0
792.182576417923,1.2709541198730467,-0.05999999999994543,17.529555161132812,0.12009429931640625,0
792.2135713100433,0.9609351989746093,-0.01999999999998181,17.58812709106445,0.10483551025390625,0
792.2222008705139,1.0219734069824218,-0.05999999999994543,17.504893295898437,0.10483551025390625,0
792.2275626659393,1.0643897888183593,0.01999999999998181,17.671360886230467,0.12772369384765625,0
792.2326097488403,1.1019782897949217,-0.05999999999994543,17.603540756835937,0.10483551025390625,0
792.2376391887665,1.0871497985839844,-0.03999999999996362,17.563465225830075,0.12009429931640625,0
792.2426481246948,1.0250770446777344,-0.12000000000000455,17.384666702880857,0.12772369384765625,0
792.24764752388,0.9105872985839844,-0.12000000000000455,17.612788956298825,0.12009429931640625,0
792.253226518631,0.7591987487792968,-0.08000000000004093,17.603540756835937,0.10483551025390625,0
792.2575604915619,0.7188514587402344,-0.03999999999996362,17.492562363281248,0.14298248291015625,0
792.2622396945953,0.8254096862792969,0.0,18.087529862060546,0.09720611572265625,0
792.2675712108612,0.9012763854980468,0.0,17.714519150390622,0.12009429931640625,0
792.2816634178162,0.9992133972167968,0.0,17.591209824218748,0.12772369384765625,0
792.3111135959625,1.0078346130371092,-0.22000000000002728,18.380389511718747,0.12009429931640625,0
792.3285908699036,0.8071327087402344,-0.10000000000002274,18.352644913330078,0.09720611572265625,0
792.3320367336273,0.8874824401855468,0.08000000000004093,17.609706223144528,0.10483551025390625,0
792.3380432128906,0.9654182312011719,-0.10000000000002274,17.532637894287106,0.12772369384765625,0
792.3432829380035,0.9847297546386719,-0.08000000000004093,17.42165950073242,0.12009429931640625,0
792.3474771976471,1.0519752380371092,-0.17999999999994998,17.597375290527342,0.10483551025390625,0
792.3526086807251,1.1316352722167968,-0.13999999999998636,17.62820262207031,0.12772369384765625,0
792.3575642108917,1.1343940612792969,-0.10000000000002274,17.48947963012695,0.10483551025390625,0
792.3632595539093,1.0585273620605469,-0.10000000000002274,17.634368088378903,0.08957672119140625,0
792.3673226833344,0.9747291442871093,-0.17999999999994998,17.714519150390622,0.12772369384765625,0
792.3723366260529,0.8874824401855468,-0.12000000000000455,17.535720627441403,0.12772369384765625,0
792.3773431777954,0.9119666931152344,-0.08000000000004093,17.548051560058592,0.10483551025390625,0
792.3983476161957,1.1350837585449218,-0.17999999999994998,17.625119888916014,0.10483551025390625,0
792.4253664016724,0.8847236511230469,-0.13999999999998636,17.446321365966796,0.12772369384765625,0
792.4378407001495,1.0812873718261717,-0.12000000000000455,17.548051560058592,0.10483551025390625,0
792.4426383972168,1.0837013122558594,-0.05999999999994543,17.403163101806637,0.12009429931640625,0
792.448091506958,1.1437049743652343,-0.10000000000002274,17.606623489990234,0.12009429931640625,0
792.4534103870392,1.188880145263672,-0.01999999999998181,17.603540756835937,0.10483551025390625,0
792.4573972225189,1.2109504577636718,-0.01999999999998181,17.50181056274414,0.12772369384765625,0
792.4624111652374,1.1812934753417967,-0.13999999999998636,17.921062271728513,0.10483551025390625,0
792.4674286842346,1.1857765075683593,-0.10000000000002274,17.705270950927734,0.10483551025390625,0
792.4725368022919,1.1754310485839843,-0.08000000000004093,17.51105876220703,0.12772369384765625,0
792.477411031723,1.1112892028808594,-0.03999999999996362,17.45865229858398,0.12009429931640625,0
792.4826591014862,0.9812812683105469,-0.03999999999996362,17.597375290527342,0.10483551025390625,0
792.4884767532349,0.8919654724121093,0.0,17.529555161132812,0.10483551025390625,0
792.5015695095062,1.0157661315917967,-0.12000000000000455,17.69602275146484,0.12009429931640625,0
792.5306115150452,1.1350837585449218,-0.08000000000004093,17.603540756835937,0.12009429931640625,0
792.547530412674,1.0261115905761717,-0.15999999999996817,17.597375290527342,0.10483551025390625,0
792.5516662597656,0.9167945739746093,-0.01999999999998181,17.714519150390622,0.10483551025390625,0
792.5549962520599,0.7636817810058594,-0.08000000000004093,17.532637894287106,0.10483551025390625,0
792.5585687160492,0.6291908142089844,-0.08000000000004093,17.46173503173828,0.08194732666015625,0
792.5625579357147,0.6505714294433593,-0.05999999999994543,17.951889603271482,0.10483551025390625,0
792.567547082901,0.8398933288574219,0.0,17.711436417236325,0.10483551025390625,0
792.5725603103638,0.9081733581542968,0.0,17.523389694824218,0.12009429931640625,0
792.577568769455,0.8774818298339844,-0.05999999999994543,17.50797602905273,0.10483551025390625,0
792.5825688838959,0.9895576354980469,-0.17999999999994998,17.603540756835937,0.09720611572265625,0
792.5880331993103,0.9999030944824219,-0.13999999999998636,17.514141495361326,0.10483551025390625,0
792.5935173034668,0.9919715759277343,-0.10000000000002274,17.418576767578124,0.10483551025390625,0
792.5985782146454,0.9495551940917968,-0.08000000000004093,17.603540756835937,0.10483551025390625,0
792.611664056778,0.8409278747558594,-0.03999999999996362,17.951889603271482,0.09720611572265625,0
792.6410195827484,1.1285316345214844,-0.03999999999996362,17.48023143066406,0.12009429931640625,0
792.6585879325867,0.7985114929199219,-0.08000000000004093,17.464817764892576,0.10483551025390625,0
792.6626949310303,0.7719581481933594,-0.13999999999998636,17.609706223144528,0.12009429931640625,0
792.6670088768005,0.9485206481933594,-0.12000000000000455,17.69602275146484,0.10483551025390625,0
792.6731479167938,1.0402503845214843,-0.05999999999994543,17.483314163818356,0.10483551025390625,0
792.6787083148956,1.0416297790527342,-0.17999999999994998,17.951889603271482,0.12772369384765625,0
792.6817078590393,1.1054267761230467,-0.12000000000000455,17.58812709106445,0.12009429931640625,0
792.6885435581207,1.0757697937011719,-0.05999999999994543,17.504893295898437,0.10483551025390625,0
792.6925609111786,0.9026557800292968,-0.10000000000002274,17.39083216918945,0.08957672119140625,0
792.6985714435577,0.7419563171386718,-0.10000000000002274,17.591209824218748,0.12009429931640625,0
792.7020800113678,0.9388648864746093,-0.22000000000002728,17.625119888916014,0.09720611572265625,0
792.722677230835,1.0154212829589844,-0.12000000000000455,17.48947963012695,0.12009429931640625,0
792.7483987808228,1.1899146911621092,-0.2400000000000091,17.563465225830075,0.14298248291015625,0
792.7621171474457,1.1309455749511719,-0.13999999999998636,17.859407608642577,0.12009429931640625,0
792.7666501998901,1.0454231140136718,-0.12000000000000455,17.572713425292967,0.13535308837890625,0
792.770037651062,1.0795631286621092,-0.12000000000000455,17.526472427978515,0.12009429931640625,0
792.7745819091797,1.1768104431152344,-0.12000000000000455,17.4401558996582,0.14298248291015625,0
792.7771306037903,1.2250892517089842,-0.03999999999996362,17.406245834960934,0.12009429931640625,0
792.783135175705,1.2299171325683593,-0.03999999999996362,17.594292557373045,0.12772369384765625,0
792.7881417274475,1.2230201599121093,-0.13999999999998636,17.486396896972654,0.09720611572265625,0
792.793425321579,1.2475044128417967,-0.20000000000004547,17.387749436035154,0.09720611572265625,0
792.797589302063,1.1812934753417967,-0.15999999999996817,17.575796158447265,0.10483551025390625,0
792.8029897212982,1.0285255310058594,-0.10000000000002274,17.585044357910153,0.12009429931640625,0
792.8081288337708,0.9033454772949219,-0.22000000000002728,17.446321365966796,0.09720611572265625,0
792.8131666183472,1.0033515808105469,-0.13999999999998636,17.603540756835937,0.12772369384765625,0
792.8265662193298,1.0609413024902343,-0.13999999999998636,17.403163101806637,0.12009429931640625,0
792.8551681041718,0.8864478942871094,-0.05999999999994543,17.529555161132812,0.08194732666015625,0
792.8721966743469,1.0978401062011718,-0.08000000000004093,17.52030696166992,0.09720611572265625,0
792.876531124115,1.0650794860839843,-0.13999999999998636,17.396997635498046,0.08957672119140625,0
792.8806827068329,1.0478370544433593,-0.15999999999996817,17.597375290527342,0.09720611572265625,0
792.8840124607086,1.0661140319824218,-0.12000000000000455,17.714519150390622,0.09720611572265625,0
792.8906507492065,1.0095588562011717,-0.12000000000000455,17.50797602905273,0.09720611572265625,0
792.8942077159882,0.8740333435058594,-0.05999999999994543,17.896400406494138,0.09720611572265625,0
792.8985648155212,0.7519569274902344,-0.01999999999998181,17.62820262207031,0.10483551025390625,0
792.9023146629333,0.8116157409667969,-0.13999999999998636,17.655947220458984,0.12009429931640625,0
792.9073104858398,0.9150703308105468,-0.13999999999998636,17.492562363281248,0.09720611572265625,0
792.9125998020172,0.9674873229980469,-0.08000000000004093,17.859407608642577,0.10483551025390625,0
792.9183287620544,0.9671424743652344,-0.03999999999996362,17.689857285156247,0.10483551025390625,0
792.9225130081177,1.0495612976074218,0.0,17.52030696166992,0.10483551025390625,0
792.9279565811157,1.0909431335449218,-0.10000000000002274,17.917979538574215,0.09720611572265625,0
792.9426486492157,0.8978278991699218,-0.03999999999996362,17.403163101806637,0.12009429931640625,0
792.9729905128479,0.9505897399902343,-0.03999999999996362,17.52030696166992,0.12009429931640625,0
792.9905595779419,0.7854072448730468,-0.08000000000004093,17.523389694824218,0.10483551025390625,0
792.9941761493683,0.7078163024902343,-0.12000000000000455,17.868655808105466,0.10483551025390625,0
792.99818110466,0.6847114440917969,-0.12000000000000455,17.622037155761717,0.10483551025390625,0
793.0030565261841,0.7998908874511719,-0.13999999999998636,17.622037155761717,0.10483551025390625,0
793.0076587200165,0.8764472839355468,-0.05999999999994543,17.51105876220703,0.09720611572265625,0
793.0125834941864,0.8478248474121093,-0.17999999999994998,17.88715220703125,0.12009429931640625,0
793.0181930065155,0.9740394470214844,-0.13999999999998636,17.692940018310544,0.09720611572265625,0
793.0222117900848,1.0461128112792968,-0.13999999999998636,17.532637894287106,0.10483551025390625,0
793.026933670044,1.0357673522949218,-0.03999999999996362,17.467900498046873,0.09720611572265625,0
793.0329988002777,0.9281745788574218,-0.15999999999996817,17.662112686767575,0.10483551025390625,0
793.046571969986,0.8240302917480469,-0.12000000000000455,17.63128535522461,0.12009429931640625,0
793.0766444206238,1.0764594909667968,-0.08000000000004093,17.406245834960934,0.12772369384765625,0
793.0932052135468,0.8205818054199219,-0.12000000000000455,17.42165950073242,0.12772369384765625,0
793.0972518920898,0.8964485046386719,-0.12000000000000455,17.606623489990234,0.10483551025390625,0
793.1022741794586,0.9195533630371093,-0.10000000000002274,17.662112686767575,0.10483551025390625,0
793.1075644493103,0.8919654724121093,-0.10000000000002274,17.495645096435545,0.12772369384765625,0
793.1135849952698,1.0633552429199218,-0.08000000000004093,17.597375290527342,0.12009429931640625,0
793.117157459259,1.0399055358886717,-0.01999999999998181,17.70835368408203,0.12009429931640625,0
793.1231756210327,1.0188697692871094,-0.12000000000000455,17.50181056274414,0.12772369384765625,0
793.1281607151031,1.0999091979980469,-0.08000000000004093,17.92414500488281,0.10483551025390625,0
793.1332421302795,1.0581825134277343,-0.05999999999994543,17.634368088378903,0.10483551025390625,0
793.1373345851898,0.9723152038574219,-0.17999999999994998,17.55113429321289,0.10483551025390625,0
793.1423466205597,0.8409278747558594,-0.17999999999994998,17.400080368652343,0.12009429931640625,0
793.162355184555,1.0661140319824218,0.01999999999998181,17.899483139648435,0.10483551025390625,0
793.1932830810547,0.8778266784667969,-0.08000000000004093,17.400080368652343,0.13535308837890625,0
793.2011983394623,0.9799018737792968,-0.03999999999996362,17.69602275146484,0.12772369384765625,0
793.2042093276978,0.9557624694824218,-0.08000000000004093,17.529555161132812,0.12772369384765625,0
793.2085976600647,1.0392158386230468,0.0,17.446321365966796,0.09720611572265625,0
793.2131977081299,1.1350837585449218,0.0,17.58196162475586,0.10483551025390625,0
793.2175517082214,1.1202552673339843,-0.08000000000004093,17.67752635253906,0.13535308837890625,0
793.2226417064667,0.9999030944824219,-0.03999999999996362,17.486396896972654,0.08957672119140625,0
793.2280366420746,0.8871375915527343,0.0,17.9364759375,0.12772369384765625,0
793.233232498169,0.8533424255371094,-0.05999999999994543,17.615871689453122,0.09720611572265625,0
793.2382245063782,0.9005866882324218,-0.05999999999994543,17.504893295898437,0.12772369384765625,0
793.2423412799835,0.9505897399902343,-0.01999999999998181,17.369253037109374,0.12009429931640625,0
793.2476086616516,1.0243873474121092,-0.12000000000000455,17.572713425292967,0.12772369384765625,0
793.2529752254486,1.0468025085449217,-0.08000000000004093,17.566547958984373,0.09720611572265625,0
793.2665569782257,0.8002357360839844,-0.17999999999994998,17.585044357910153,0.14298248291015625,0
793.2965891361237,1.1906043884277344,-0.12000000000000455,17.591209824218748,0.12772369384765625,0
793.313688993454,0.9512794372558593,-0.12000000000000455,17.566547958984373,0.12009429931640625,0
793.3176529407501,1.0354225036621094,-0.12000000000000455,17.652864487304686,0.12772369384765625,0
793.3219900131226,1.0999091979980469,-0.12000000000000455,17.46173503173828,0.12772369384765625,0
793.3279926776886,1.0919776794433593,0.03999999999996362,17.917979538574215,0.10483551025390625,0
793.3335976600647,1.1123237487792967,-0.17999999999994998,17.594292557373045,0.12772369384765625,0
793.338191986084,1.1626716491699218,-0.17999999999994998,17.495645096435545,0.08957672119140625,0
793.3422002792358,1.1550849792480469,-0.05999999999994543,17.38158396972656,0.10483551025390625,0
793.3476529121399,0.9754188415527343,-0.05999999999994543,17.591209824218748,0.10483551025390625,0
793.3530600070953,0.8085121032714844,0.0,17.594292557373045,0.12009429931640625,0
793.3580734729767,0.9802467224121093,-0.05999999999994543,17.45865229858398,0.09720611572265625,0
793.3632016181946,1.150946795654297,-0.13999999999998636,17.615871689453122,0.09720611572265625,0
793.3760657310486,1.0174903747558592,-0.10000000000002274,17.42165950073242,0.10483551025390625,0
793.4060888290405,1.1906043884277344,-0.03999999999996362,17.523389694824218,0.10483551025390625,0
793.4230766296387,0.9130012390136718,-0.03999999999996362,17.526472427978515,0.10483551025390625,0
793.4280896186829,0.8940345642089843,-0.15999999999996817,17.951889603271482,0.10483551025390625,0
793.4331877231598,1.092322528076172,-0.12000000000000455,17.64978175415039,0.08957672119140625,0
793.4372129440308,1.1843971130371094,-0.08000000000004093,17.572713425292967,0.10483551025390625,0
793.4421117305756,1.1512916442871093,-0.08000000000004093,17.400080368652343,0.10483551025390625,0
793.4481658935547,1.175086199951172,-0.17999999999994998,17.612788956298825,0.12772369384765625,0
793.453097820282,1.1099098083496093,-0.10000000000002274,17.609706223144528,0.10483551025390625,0
793.4581143856049,0.8529975769042968,-0.01999999999998181,17.50797602905273,0.10483551025390625,0
793.463133096695,0.7788551208496094,-0.12000000000000455,17.63128535522461,0.10483551025390625,0
793.4685599803925,0.9885230895996093,-0.20000000000004547,17.714519150390622,0.09720611572265625,0
793.4735724925995,1.1237037536621093,-0.13999999999998636,17.529555161132812,0.10483551025390625,0
793.4876480102539,0.9443824645996093,-0.13999999999998636,17.603540756835937,0.09720611572265625,0
793.5166161060333,1.0257667419433594,-0.17999999999994998,17.63128535522461,0.09720611572265625,0
793.5346376895905,0.8054084655761719,-0.20000000000004547,17.733015549316406,0.12009429931640625,0
793.5379822254181,0.9464515563964844,-0.15999999999996817,17.532637894287106,0.10483551025390625,0
793.5436470508575,1.0643897888183593,-0.2400000000000091,17.424742233886718,0.09720611572265625,0
793.5476386547089,0.8829994079589844,-0.03999999999996362,17.609706223144528,0.10483551025390625,0
793.5529794692993,0.7867866394042968,-0.12000000000000455,17.615871689453122,0.12009429931640625,0
793.5585958957672,0.5381507751464844,-0.08000000000004093,17.474065964355468,0.10483551025390625,0
793.5622022151947,0.7578193542480468,-0.13999999999998636,18.08136439575195,0.10483551025390625,0
793.5671997070312,0.8574806091308593,-0.13999999999998636,17.711436417236325,0.10483551025390625,0
793.5722088813782,1.0078346130371092,-0.20000000000004547,17.52030696166992,0.10483551025390625,0
793.5769746303558,0.9005866882324218,-0.13999999999998636,17.625119888916014,0.09720611572265625,0
793.6039867401123,0.9905921813964843,-0.08000000000004093,17.529555161132812,0.10483551025390625,0
793.6640264987946,1.2319862243652342,-0.17999999999994998,17.58196162475586,0.10483551025390625,0
793.6870403289795,1.0209388610839842,-0.01999999999998181,17.532637894287106,0.10483551025390625,0
793.7040777206421,1.1226692077636717,-0.20000000000004547,17.514141495361326,0.12009429931640625,0
793.7376384735107,0.9361060974121094,0.01999999999998181,17.52030696166992,0.12772369384765625,0
793.7539827823639,1.1154273864746094,-0.15999999999996817,17.48947963012695,0.12009429931640625,0
793.7569875717163,1.1226692077636717,-0.03999999999996362,17.4432386328125,0.10483551025390625,0
793.7621941566467,1.1009437438964844,-0.08000000000004093,18.118357193603515,0.12772369384765625,0
793.7675573825836,1.1364631530761717,-0.08000000000004093,17.64978175415039,0.10483551025390625,0
793.7726318836212,1.1409461853027343,-0.05999999999994543,17.46173503173828,0.12772369384765625,0
793.7776398658752,1.0788734313964843,-0.15999999999996817,17.366170303955077,0.10483551025390625,0
793.7826452255249,0.9519691345214844,-0.12000000000000455,17.554217026367187,0.14298248291015625,0
793.7870221138,0.9667976257324218,-0.12000000000000455,17.504893295898437,0.14298248291015625,0
793.7930288314819,1.0212837097167968,-0.08000000000004093,17.3415084387207,0.12009429931640625,0
793.798032283783,1.0361122009277344,-0.01999999999998181,17.532637894287106,0.12009429931640625,0
793.8031551837921,1.0430091735839844,0.03999999999996362,17.523389694824218,0.14298248291015625,0
793.8176417350769,1.0078346130371092,0.03999999999996362,17.6374508215332,0.12772369384765625,0
793.8469543457031,1.0402503845214843,-0.05999999999994543,17.575796158447265,0.09720611572265625,0
793.8639538288116,0.8850684997558593,0.0,17.58812709106445,0.10483551025390625,0
793.8679599761963,0.8323066589355469,-0.03999999999996362,17.683691818847656,0.12772369384765625,0
793.8720443248749,0.7505775329589843,0.01999999999998181,17.51105876220703,0.12009429931640625,0
793.8775644302368,0.7278175231933594,-0.10000000000002274,17.433990433349607,0.12009429931640625,0
793.8819456100464,0.7716132995605468,-0.08000000000004093,17.58812709106445,0.10483551025390625,0
793.8881118297577,0.8298927185058593,-0.05999999999994543,17.526472427978515,0.10483551025390625,0
793.8930342197418,0.8209266540527344,-0.05999999999994543,17.42165950073242,0.10483551025390625,0
793.897641658783,0.8505836364746093,-0.13999999999998636,17.603540756835937,0.12009429931640625,0
793.9031896591187,0.8716194030761718,-0.12000000000000455,17.603540756835937,0.13535308837890625,0
793.907201051712,0.8919654724121093,0.05999999999994543,17.48947963012695,0.09720611572265625,0
793.9275484085083,0.9323127624511718,-0.05999999999994543,17.48023143066406,0.12772369384765625,0
793.9591145515442,0.8229957458496093,-0.03999999999996362,17.387749436035154,0.10483551025390625,0
793.9671325683594,0.7109199401855468,0.0,17.70835368408203,0.12009429931640625,0
793.9714558124542,0.7274726745605469,-0.03999999999996362,17.541886093749998,0.12009429931640625,0
793.9763424396515,0.7892005798339844,-0.03999999999996362,17.403163101806637,0.09720611572265625,0
793.9805855751038,0.8288581726074219,-0.15999999999996817,17.622037155761717,0.10483551025390625,0
793.9841196537018,0.8581703063964843,-0.08000000000004093,17.723767349853514,0.12009429931640625,0
793.9881267547607,0.9026557800292968,-0.08000000000004093,17.523389694824218,0.09720611572265625,0
793.9931344985962,0.9423133728027343,-0.03999999999996362,17.406245834960934,0.10483551025390625,0
793.9985795021057,0.9612800476074218,-0.15999999999996817,17.603540756835937,0.10483551025390625,0
794.0031750202179,0.9854194519042968,-0.12000000000000455,17.597375290527342,0.12009429931640625,0
794.008297920227,1.0095588562011717,-0.08000000000004093,17.474065964355468,0.10483551025390625,0
794.0131647586823,1.0381812927246092,-0.05999999999994543,17.63128535522461,0.12009429931640625,0
794.0181679725647,1.0381812927246092,-0.05999999999994543,17.689857285156247,0.12772369384765625,0
794.0382137298584,0.8740333435058594,-0.03999999999996362,17.529555161132812,0.09720611572265625,0
794.0692028999329,1.0023170349121093,-0.01999999999998181,17.615871689453122,0.12772369384765625,0
794.0785596370697,1.0464576599121094,-0.05999999999994543,18.68558009399414,0.12009429931640625,0
794.0825583934784,1.061286151123047,-0.01999999999998181,17.606623489990234,0.12009429931640625,0
794.0881097316742,1.0974952575683594,-0.12000000000000455,17.514141495361326,0.12772369384765625,0
794.0931940078735,1.0954261657714843,0.05999999999994543,17.403163101806637,0.13535308837890625,0
794.0976264476776,1.0881843444824217,-0.05999999999994543,17.594292557373045,0.12009429931640625,0
794.1031877994537,1.0930122253417969,-0.05999999999994543,17.585044357910153,0.10483551025390625,0
794.107640504837,1.0792182800292969,-0.03999999999996362,17.48947963012695,0.10483551025390625,0
794.112238407135,1.0257667419433594,0.0,18.562270767822262,0.12772369384765625,0
794.1173086166382,0.9581764099121093,-0.13999999999998636,17.705270950927734,0.12009429931640625,0
794.122328042984,0.9133460876464843,-0.10000000000002274,17.523389694824218,0.09720611572265625,0
794.1273818016052,0.9202430603027343,-0.08000000000004093,17.449404099121093,0.10483551025390625,0
794.1413629055023,1.0109382507324218,-0.08000000000004093,17.504893295898437,0.08957672119140625,0
794.1703865528107,1.0430091735839844,-0.03999999999996362,17.609706223144528,0.09720611572265625,0
794.1873941421509,0.9298988220214843,-0.08000000000004093,17.58812709106445,0.10483551025390625,0
794.1924231052399,0.9967994567871094,-0.01999999999998181,17.418576767578124,0.12009429931640625,0
794.1974806785583,0.9943855163574218,-0.03999999999996362,17.625119888916014,0.10483551025390625,0
794.2029581069946,1.0719764587402343,-0.13999999999998636,17.612788956298825,0.10483551025390625,0
794.2074027061462,1.1412910339355469,-0.08000000000004093,17.492562363281248,0.12009429931640625,0
794.2124128341675,1.0764594909667968,-0.20000000000004547,18.3279830480957,0.09720611572265625,0
794.2174897193909,0.8743781921386719,-0.20000000000004547,17.68677455200195,0.09720611572265625,0
794.2225012779236,0.6381568786621094,-0.13999999999998636,17.548051560058592,0.09720611572265625,0
794.2275238037109,0.6667793151855469,-0.20000000000004547,17.467900498046873,0.12009429931640625,0
794.2333905696869,0.8978278991699218,-0.13999999999998636,17.622037155761717,0.09720611572265625,0
794.2374157905579,0.9033454772949219,-0.2400000000000091,17.572713425292967,0.10483551025390625,0
794.2575128078461,0.9016212341308594,-0.17999999999994998,17.50181056274414,0.12009429931640625,0
794.2835876941681,0.7802345153808593,0.0,17.62820262207031,0.10483551025390625,0
794.2974143028259,0.8798957702636718,-0.13999999999998636,17.591209824218748,0.12009429931640625,0
794.3025534152985,0.8743781921386719,-0.08000000000004093,17.64978175415039,0.12772369384765625,0
794.3075377941132,0.8919654724121093,-0.13999999999998636,17.48023143066406,0.12772369384765625,0
794.3125493526459,0.9171394226074219,-0.13999999999998636,18.207756455078123,0.10483551025390625,0
794.3175890445709,0.8764472839355468,-0.08000000000004093,17.692940018310544,0.09720611572265625,0
794.323141336441,0.7736823913574219,-0.03999999999996362,17.50797602905273,0.10483551025390625,0
794.3281164169312,0.6864356872558594,-0.01999999999998181,18.146101791992187,0.13535308837890625,0
794.3334627151489,0.6574684020996093,0.01999999999998181,17.63128535522461,0.10483551025390625,0
794.337197303772,0.7305763122558594,-0.10000000000002274,17.563465225830075,0.12009429931640625,0
794.3425464630127,0.7919593688964843,-0.10000000000002274,17.39083216918945,0.08957672119140625,0
794.3552255630493,0.8978278991699218,-0.05999999999994543,17.50797602905273,0.09720611572265625,0
794.3844153881073,0.9288642761230468,-0.15999999999996817,17.70835368408203,0.10483551025390625,0
794.4022626876831,0.7378181335449219,-0.05999999999994543,17.6374508215332,0.12772369384765625,0
794.4062685966492,0.8381690856933594,-0.05999999999994543,17.48947963012695,0.12009429931640625,0
794.410275220871,0.8685157653808593,-0.08000000000004093,17.400080368652343,0.12772369384765625,0
794.4142737388611,0.8985175964355469,-0.05999999999994543,17.56963069213867,0.12772369384765625,0
794.419221162796,0.9557624694824218,-0.05999999999994543,17.597375290527342,0.12009429931640625,0
794.423241853714,1.0357673522949218,-0.13999999999998636,17.467900498046873,0.09720611572265625,0
794.4273171424866,1.0471473571777343,-0.10000000000002274,17.41241130126953,0.12009429931640625,0
794.4323358535767,1.0223182556152344,-0.10000000000002274,17.58196162475586,0.12772369384765625,0
794.4369883537292,1.0099037048339843,-0.22000000000002728,17.541886093749998,0.12772369384765625,0
794.4432651996613,0.9164497253417968,-0.13999999999998636,17.384666702880857,0.12009429931640625,0
794.4475011825562,0.8192024108886719,-0.08000000000004093,17.575796158447265,0.10483551025390625,0
794.451984167099,0.8116157409667969,-0.03999999999996362,17.63128535522461,0.12772369384765625,0
794.4583821296692,0.9805915710449218,0.01999999999998181,17.4401558996582,0.10483551025390625,0
794.4714744091034,1.0516303894042969,0.01999999999998181,17.50797602905273,0.10483551025390625,0
794.5005457401276,1.057837664794922,-0.01999999999998181,17.609706223144528,0.13535308837890625,0
794.5175204277039,1.2088813659667967,-0.20000000000004547,17.646699020996092,0.12772369384765625,0
794.5216419696808,1.2057777282714843,-0.03999999999996362,17.48023143066406,0.12772369384765625,0
794.5254962444305,1.2240547058105469,-0.05999999999994543,17.384666702880857,0.12772369384765625,0
794.5295100212097,1.2637122985839844,-0.01999999999998181,17.847076676025388,0.12009429931640625,0
794.5335681438446,1.2750923034667967,-0.01999999999998181,17.544968826904295,0.12772369384765625,0
794.5375139713287,1.2606086608886717,-0.13999999999998636,17.486396896972654,0.14298248291015625,0
794.5435428619385,1.2530219909667968,-0.08000000000004093,17.307598374023435,0.12772369384765625,0
794.5475866794586,1.1412910339355469,-0.05999999999994543,17.514141495361326,0.12009429931640625,0
794.5525426864624,0.9309333679199219,-0.03999999999996362,17.591209824218748,0.12009429931640625,0
794.5575428009033,0.9688667175292969,-0.03999999999996362,17.427824967041015,0.13535308837890625,0
794.5625686645508,1.1330146667480467,-0.12000000000000455,18.025875198974607,0.14298248291015625,0
794.5835874080658,1.1464637634277344,0.05999999999994543,17.55113429321289,0.12009429931640625,0
794.6096420288086,1.1064613220214843,-0.05999999999994543,17.360004837646482,0.09720611572265625,0
794.6235420703888,0.7798896667480468,-0.12000000000000455,17.504893295898437,0.10483551025390625,0
794.6276485919952,0.8516181823730469,-0.15999999999996817,17.43090770019531,0.12009429931640625,0
794.6334547996521,0.9609351989746093,-0.05999999999994543,17.622037155761717,0.10483551025390625,0
794.6375432014465,0.9561073181152343,-0.03999999999996362,17.566547958984373,0.12009429931640625,0
794.6418616771698,0.9699012634277343,-0.03999999999996362,17.387749436035154,0.09720611572265625,0
794.6476340293884,1.0305946228027343,-0.13999999999998636,17.609706223144528,0.12772369384765625,0
794.6533813476562,1.095771014404297,-0.08000000000004093,17.609706223144528,0.12772369384765625,0
794.6574592590332,1.0805976745605468,-0.20000000000004547,17.495645096435545,0.10483551025390625,0
794.6632678508759,1.0609413024902343,-0.01999999999998181,17.63128535522461,0.10483551025390625,0
794.6672823429108,1.0264564392089843,0.01999999999998181,17.705270950927734,0.12009429931640625,0
794.6723508834839,0.9633491394042968,0.01999999999998181,17.529555161132812,0.10483551025390625,0
794.6925413608551,0.9702461120605468,-0.08000000000004093,17.418576767578124,0.10483551025390625,0
794.7235400676727,1.0033515808105469,-0.03999999999996362,17.52030696166992,0.09720611572265625,0
794.7325413227081,0.7716132995605468,-0.17999999999994998,17.625119888916014,0.10483551025390625,0
794.7361855506897,0.7178169128417968,0.03999999999996362,17.63128535522461,0.10483551025390625,0
794.7404661178589,0.8674812194824219,-0.03999999999996362,17.514141495361326,0.10483551025390625,0
794.744472026825,0.9540382263183593,0.0,17.76692561401367,0.09720611572265625,0
794.7483789920807,1.0057655212402343,0.0,17.606623489990234,0.10483551025390625,0
794.7521996498108,0.9633491394042968,-0.08000000000004093,17.665195419921872,0.12772369384765625,0
794.7572362422943,1.0499061462402344,-0.08000000000004093,17.492562363281248,0.08957672119140625,0
794.7622177600861,1.0781837341308593,-0.20000000000004547,18.281742050781247,0.12772369384765625,0
794.7675728797913,0.9471412536621093,-0.10000000000002274,17.71760188354492,0.09720611572265625,0
794.7725729942322,0.7467841979980469,-0.20000000000004547,17.535720627441403,0.09720611572265625,0
794.7772870063782,0.8226508972167969,-0.13999999999998636,17.47098323120117,0.08957672119140625,0
794.7825229167938,0.9916267272949219,-0.08000000000004093,17.63128535522461,0.09720611572265625,0
794.7879710197449,1.0454231140136718,-0.03999999999996362,17.554217026367187,0.08957672119140625,0
794.802116394043,0.9861091491699219,-0.05999999999994543,17.69602275146484,0.10483551025390625,0
794.832136631012,1.1606025573730467,-0.05999999999994543,17.625119888916014,0.12772369384765625,0
794.8495681285858,0.9947303649902344,-0.20000000000004547,17.63128535522461,0.12772369384765625,0
794.8534541130066,1.1112892028808594,-0.12000000000000455,17.615871689453122,0.10483551025390625,0
794.857540845871,1.1792243835449219,-0.12000000000000455,17.504893295898437,0.09720611572265625,0
794.8631823062897,1.1709480163574217,-0.12000000000000455,17.66827815307617,0.12009429931640625,0
794.8672842979431,1.1768104431152344,-0.22000000000002728,17.714519150390622,0.09720611572265625,0
794.8722953796387,1.0471473571777343,-0.05999999999994543,17.532637894287106,0.09720611572265625,0
794.8774032592773,0.8319618103027343,-0.05999999999994543,17.474065964355468,0.10483551025390625,0
794.8823964595795,0.8157539245605469,-0.17999999999994998,17.62820262207031,0.12772369384765625,0
794.8875362873077,0.9574867126464843,-0.08000000000004093,17.58196162475586,0.12772369384765625,0
794.8926320075989,1.1068061706542969,-0.03999999999996362,17.406245834960934,0.09720611572265625,0
794.912547826767,1.0902534362792968,-0.13999999999998636,18.124522659912106,0.12009429931640625,0
794.9382510185242,0.9392097351074218,-0.08000000000004093,17.529555161132812,0.09720611572265625,0
794.9515240192413,1.0174903747558592,-0.10000000000002274,17.705270950927734,0.09720611572265625,0
794.9555304050446,1.0433540222167967,-0.05999999999994543,17.50797602905273,0.12772369384765625,0
794.9591932296753,1.0581825134277343,-0.05999999999994543,17.39083216918945,0.12009429931640625,0
794.9632065296173,1.0485267517089842,0.0,17.609706223144528,0.12009429931640625,0
794.9675805568695,1.1171516296386719,-0.12000000000000455,17.689857285156247,0.12772369384765625,0
794.9722037315369,1.1264625427246093,-0.12000000000000455,17.50797602905273,0.12009429931640625,0
794.9773626327515,1.1157722351074217,0.05999999999994543,17.427824967041015,0.10483551025390625,0
794.9825778007507,1.1009437438964844,-0.03999999999996362,17.594292557373045,0.12009429931640625,0
794.9871292114258,1.1112892028808594,-0.03999999999996362,17.55113429321289,0.10483551025390625,0
794.9934928417206,1.0774940368652344,-0.01999999999998181,17.396997635498046,0.14298248291015625,0
794.9975814819336,1.0195594665527343,0.0,17.585044357910153,0.10483551025390625,0
795.0025463104248,0.9395545837402344,0.0,17.652864487304686,0.13535308837890625,0
795.022221326828,0.9509345886230468,0.01999999999998181,17.492562363281248,0.10483551025390625,0
795.0482342243195,1.0909431335449218,-0.08000000000004093,17.563465225830075,0.10483551025390625,0
795.062629699707,1.1357734558105468,-0.15999999999996817,17.9364759375,0.10483551025390625,0
795.0685822963715,1.1788795349121093,-0.01999999999998181,17.646699020996092,0.13535308837890625,0
795.0721917152405,1.1457740661621094,0.03999999999996362,17.47098323120117,0.12772369384765625,0
795.0771729946136,1.1388770935058594,0.05999999999994543,17.396997635498046,0.12009429931640625,0
795.0821886062622,1.1068061706542969,-0.08000000000004093,17.566547958984373,0.12009429931640625,0
795.0872597694397,1.0764594909667968,-0.08000000000004093,17.523389694824218,0.10483551025390625,0
795.0925176143646,1.0078346130371092,-0.05999999999994543,17.369253037109374,0.10483551025390625,0
795.0976326465607,0.8985175964355469,-0.01999999999998181,17.554217026367187,0.12009429931640625,0
795.1030967235565,0.8116157409667969,-0.01999999999998181,17.572713425292967,0.10483551025390625,0
795.1085753440857,0.8347205993652344,0.01999999999998181,17.4401558996582,0.12009429931640625,0
795.112190246582,0.8905860778808593,-0.10000000000002274,17.850159409179685,0.10483551025390625,0
795.1251924037933,0.9674873229980469,-0.10000000000002274,17.400080368652343,0.12009429931640625,0
795.1552143096924,0.9961097595214843,-0.08000000000004093,17.486396896972654,0.13535308837890625,0
795.1722185611725,0.9378303405761719,-0.13999999999998636,17.46173503173828,0.10483551025390625,0
795.1775298118591,0.9861091491699219,-0.08000000000004093,17.369253037109374,0.12009429931640625,0
795.1830110549927,0.9985236999511719,-0.13999999999998636,17.563465225830075,0.12009429931640625,0
795.188047170639,1.0905982849121094,-0.10000000000002274,17.45248683227539,0.12772369384765625,0
795.1935422420502,1.1702583190917968,-0.05999999999994543,17.344591171875,0.12009429931640625,0
795.1975650787354,1.1830177185058592,-0.01999999999998181,17.532637894287106,0.12772369384765625,0
795.202972650528,1.1685340759277343,-0.12000000000000455,17.548051560058592,0.12009429931640625,0
795.2085447311401,1.1730171081542968,-0.10000000000002274,17.418576767578124,0.10483551025390625,0
795.2119793891907,1.147498309326172,-0.05999999999994543,17.948806870117185,0.10483551025390625,0
795.218581199646,1.0699073669433594,-0.05999999999994543,17.6374508215332,0.10483551025390625,0
795.2222213745117,1.0285255310058594,-0.13999999999998636,17.46173503173828,0.13535308837890625,0
795.24263215065,1.2999214050292969,-0.2400000000000091,17.344591171875,0.12772369384765625,0
795.2730302810669,1.1378425476074219,-0.05999999999994543,17.50181056274414,0.12009429931640625,0
795.2825379371643,1.1926734802246093,-0.01999999999998181,17.597375290527342,0.10483551025390625,0
795.2863450050354,1.2075019714355468,-0.01999999999998181,17.615871689453122,0.09720611572265625,0
795.2906262874603,1.2119850036621094,-0.01999999999998181,17.504893295898437,0.09720611572265625,0
795.2940418720245,1.1378425476074219,-0.08000000000004093,17.739181015624997,0.09720611572265625,0
795.2980382442474,0.9964546081542969,0.0,17.615871689453122,0.10483551025390625,0
795.3030323982239,0.9130012390136718,-0.10000000000002274,17.622037155761717,0.12772369384765625,0
795.3080351352692,1.0764594909667968,-0.10000000000002274,17.486396896972654,0.10483551025390625,0
795.3135657310486,1.2092262145996093,-0.15999999999996817,17.625119888916014,0.12772369384765625,0
795.3169825077057,1.1633613464355468,-0.10000000000002274,17.714519150390622,0.10483551025390625,0
795.3230786323547,1.1812934753417967,-0.01999999999998181,17.52030696166992,0.10483551025390625,0
795.3280808925629,1.061286151123047,-0.13999999999998636,17.92414500488281,0.09720611572265625,0
795.3425660133362,1.0292152282714844,-0.22000000000002728,17.42165950073242,0.10483551025390625,0
795.3735423088074,1.0485267517089842,-0.22000000000002728,17.532637894287106,0.10483551025390625,0
795.391553401947,0.7671302673339844,-0.12000000000000455,17.532637894287106,0.12772369384765625,0
795.3941609859467,0.7002296325683594,-0.17999999999994998,17.72685008300781,0.10483551025390625,0
795.398229598999,0.7985114929199219,-0.17999999999994998,17.63128535522461,0.12772369384765625,0
795.4025547504425,0.9474861022949218,-0.12000000000000455,17.705270950927734,0.10483551025390625,0
795.4075703620911,1.0126624938964843,-0.17999999999994998,17.52030696166992,0.12772369384765625,0
795.4121916294098,0.9640388366699219,-0.13999999999998636,18.056702530517576,0.09720611572265625,0
795.4172296524048,1.0154212829589844,-0.13999999999998636,17.711436417236325,0.09720611572265625,0
795.4234578609467,1.0150764343261718,-0.08000000000004093,17.523389694824218,0.09720611572265625,0
795.4275169372559,0.8536872741699219,0.03999999999996362,17.45865229858398,0.09720611572265625,0
795.4325428009033,0.7591987487792968,-0.05999999999994543,17.625119888916014,0.10483551025390625,0
795.4375488758087,0.9630042907714843,-0.15999999999996817,17.58196162475586,0.12772369384765625,0
795.4575626850128,1.0705970642089844,-0.10000000000002274,17.504893295898437,0.12772369384765625,0
795.4835810661316,1.0074897644042968,-0.22000000000002728,17.63128535522461,0.09720611572265625,0
795.4976251125336,1.099219500732422,-0.13999999999998636,17.609706223144528,0.09720611572265625,0
795.5015466213226,1.0471473571777343,-0.20000000000004547,17.72685008300781,0.09720611572265625,0
795.5055491924286,0.9133460876464843,-0.20000000000004547,17.544968826904295,0.09720611572265625,0
795.50856590271,0.8805854675292968,-0.05999999999994543,17.492562363281248,0.10483551025390625,0
795.5125710964203,0.9188636657714844,-0.13999999999998636,17.921062271728513,0.12009429931640625,0
795.5176494121552,1.0192146179199217,-0.13999999999998636,17.689857285156247,0.10483551025390625,0
795.5231854915619,1.0381812927246092,-0.08000000000004093,17.514141495361326,0.12009429931640625,0
795.5276100635529,1.1040473815917968,-0.20000000000004547,17.446321365966796,0.09720611572265625,0
795.5326302051544,1.1799140808105468,-0.13999999999998636,17.609706223144528,0.12009429931640625,0
795.5376253128052,1.1571540710449217,-0.13999999999998636,17.575796158447265,0.12772369384765625,0
795.5426626205444,1.2575050231933593,-0.20000000000004547,17.400080368652343,0.10483551025390625,0
795.5476560592651,1.2340553161621093,-0.20000000000004547,17.603540756835937,0.10483551025390625,0
795.5686688423157,1.1395667907714844,-0.12000000000000455,17.69602275146484,0.12772369384765625,0
795.5946865081787,0.9702461120605468,-0.05999999999994543,17.643616287841795,0.12009429931640625,0
795.6081697940826,1.1388770935058594,-0.03999999999996362,17.464817764892576,0.09720611572265625,0
795.6135408878326,1.1216346618652344,-0.08000000000004093,17.603540756835937,0.08957672119140625,0
795.6174907684326,1.071631610107422,-0.22000000000002728,17.674443619384764,0.12772369384765625,0
795.6216955184937,1.1526710388183594,-0.15999999999996817,17.486396896972654,0.09720611572265625,0
795.6285820007324,1.0364570495605467,-0.12000000000000455,17.877904007568358,0.12772369384765625,0
795.6326425075531,0.9316230651855468,-0.2999999999999545,17.594292557373045,0.14298248291015625,0
795.6376488208771,0.9595558044433593,-0.2999999999999545,17.544968826904295,0.13535308837890625,0
795.6426517963409,1.1616371032714843,-0.08000000000004093,17.378501236572262,0.15824127197265625,0
795.6476023197174,1.2047431823730468,-0.17999999999994998,17.55113429321289,0.13535308837890625,0
795.6535794734955,1.2016395446777344,-0.12000000000000455,17.55113429321289,0.13535308837890625,0
795.6575796604156,1.2292274353027344,-0.05999999999994543,17.449404099121093,0.09720611572265625,0
795.671017408371,0.9257606384277344,-0.05999999999994543,17.504893295898437,0.13535308837890625,0
795.7015335559845,1.0247321960449218,-0.13999999999998636,17.68677455200195,0.14298248291015625,0
795.718535900116,1.1912940856933594,-0.10000000000002274,17.69602275146484,0.10483551025390625,0
795.7218105792999,1.0933570739746092,-0.08000000000004093,17.50797602905273,0.09720611572265625,0
795.7276258468628,1.1912940856933594,-0.17999999999994998,17.43090770019531,0.08194732666015625,0
795.7331306934357,1.2230201599121093,-0.13999999999998636,17.615871689453122,0.12009429931640625,0
795.7383711338043,1.0278358337402342,-0.08000000000004093,17.541886093749998,0.09720611572265625,0
795.7431640625,0.8905860778808593,-0.17999999999994998,17.43090770019531,0.08957672119140625,0
795.7485570907593,0.9716255065917968,0.01999999999998181,17.603540756835937,0.12772369384765625,0
795.752375125885,1.1178413269042968,-0.08000000000004093,17.671360886230467,0.09720611572265625,0
795.7574656009674,1.1437049743652343,-0.08000000000004093,17.51105876220703,0.09720611572265625,0
795.7625892162323,1.1702583190917968,0.0,17.921062271728513,0.12772369384765625,0
795.7672815322876,1.3054389831542967,-0.2400000000000091,17.711436417236325,0.13535308837890625,0
795.7876152992249,1.1550849792480469,-0.20000000000004547,17.58812709106445,0.09720611572265625,0
795.8180055618286,1.3288886901855468,0.0,17.70835368408203,0.10483551025390625,0
795.8270137310028,1.3416480895996092,0.0,17.446321365966796,0.09720611572265625,0
795.8310248851776,1.3533729431152344,-0.05999999999994543,17.597375290527342,0.12009429931640625,0
795.836023569107,1.3706153747558594,-0.05999999999994543,17.62820262207031,0.09720611572265625,0
795.8401999473572,1.3088874694824217,0.0,17.50797602905273,0.12009429931640625,0
795.8432705402374,1.2275031921386719,-0.10000000000002274,17.406245834960934,0.09720611572265625,0
795.8469586372375,1.1706031677246094,-0.10000000000002274,17.609706223144528,0.12009429931640625,0
795.8533205986023,1.0943916198730468,-0.08000000000004093,17.615871689453122,0.12009429931640625,0
795.8576216697693,1.1250831481933594,-0.01999999999998181,17.50181056274414,0.09720611572265625,0
795.8630092144012,1.1978462097167968,-0.12000000000000455,17.652864487304686,0.12009429931640625,0
795.8680200576782,1.2106056091308592,0.05999999999994543,17.705270950927734,0.12772369384765625,0
795.8735384941101,1.2537116882324217,-0.20000000000004547,17.51105876220703,0.09720611572265625,0
795.8782188892365,1.3137153503417969,-0.20000000000004547,17.979634201660154,0.10483551025390625,0
795.8926138877869,1.2440559265136717,-0.20000000000004547,17.424742233886718,0.09720611572265625,0
795.9250595569611,1.154395281982422,-0.13999999999998636,17.48023143066406,0.12772369384765625,0
795.938071012497,1.150946795654297,-0.13999999999998636,17.560382492675778,0.10483551025390625,0
795.9431018829346,1.1471534606933593,0.0,17.42165950073242,0.09720611572265625,0
795.9481234550476,1.0340431091308593,-0.03999999999996362,17.634368088378903,0.09720611572265625,0
795.9530875682831,0.9150703308105468,0.0,17.6374508215332,0.10483551025390625,0
795.9581952095032,0.9788673278808593,-0.10000000000002274,17.504893295898437,0.09720611572265625,0
795.9621965885162,1.1247382995605468,-0.10000000000002274,18.01662699951172,0.10483551025390625,0
795.9672849178314,1.1637061950683594,-0.20000000000004547,17.69602275146484,0.10483551025390625,0
795.9725980758667,1.1633613464355468,-0.12000000000000455,17.52030696166992,0.12009429931640625,0
795.9773309230804,1.2809547302246094,-0.05999999999994543,17.43090770019531,0.10483551025390625,0
795.982134103775,1.2344001647949219,-0.03999999999996362,17.606623489990234,0.10483551025390625,0
795.9884266853333,1.0536994812011717,-0.03999999999996362,17.535720627441403,0.12772369384765625,0
795.9932346343994,0.9581764099121093,-0.13999999999998636,17.41241130126953,0.10483551025390625,0
796.0066266059875,1.0402503845214843,-0.03999999999996362,17.529555161132812,0.12772369384765625,0
796.0359869003296,0.9578315612792968,0.0,17.634368088378903,0.09720611572265625,0
796.0530014038086,1.0095588562011717,-0.03999999999996362,17.625119888916014,0.12772369384765625,0
796.0581777095795,1.0250770446777344,-0.10000000000002274,17.483314163818356,0.12009429931640625,0
796.0633630752563,1.1192207214355467,-0.10000000000002274,17.74842921508789,0.09720611572265625,0
796.0675587654114,1.1685340759277343,-0.05999999999994543,17.683691818847656,0.10483551025390625,0
796.0729682445526,1.1706031677246094,-0.03999999999996362,17.504893295898437,0.09720611572265625,0
796.077344417572,1.2440559265136717,-0.01999999999998181,17.427824967041015,0.12772369384765625,0
796.0823585987091,1.2723335144042969,-0.01999999999998181,17.597375290527342,0.10483551025390625,0
796.0873591899872,1.2240547058105469,0.01999999999998181,17.575796158447265,0.12009429931640625,0
796.0925886631012,1.2381934997558592,-0.05999999999994543,17.406245834960934,0.12009429931640625,0
796.1065385341644,1.1640510437011717,-0.03999999999996362,17.504893295898437,0.12009429931640625,0
796.1350440979004,1.0688728210449219,-0.01999999999998181,17.674443619384764,0.12009429931640625,0
796.1525304317474,1.1499122497558594,-0.10000000000002274,17.655947220458984,0.12772369384765625,0
796.1565315723419,1.1699134704589844,0.0,17.492562363281248,0.09720611572265625,0
796.1605684757233,1.1626716491699218,-0.08000000000004093,17.403163101806637,0.12009429931640625,0
796.1649959087372,1.2006049987792968,-0.08000000000004093,17.58196162475586,0.10483551025390625,0
796.1690382957458,1.2081916687011718,-0.03999999999996362,17.625119888916014,0.12009429931640625,0
796.173535823822,1.2175025817871092,-0.03999999999996362,17.495645096435545,0.12772369384765625,0
796.1783227920532,1.2288825866699218,-0.03999999999996362,18.078281662597654,0.08957672119140625,0
796.1826570034027,1.2319862243652342,-0.01999999999998181,17.585044357910153,0.10483551025390625,0
796.1879954338074,1.2454353210449218,-0.01999999999998181,17.504893295898437,0.12009429931640625,0
796.1934432983398,1.2433662292480467,-0.01999999999998181,17.384666702880857,0.12772369384765625,0
796.1981792449951,1.2657813903808592,0.0,17.575796158447265,0.12009429931640625,0
796.202023267746,1.2744026062011717,0.0,17.643616287841795,0.12772369384765625,0
796.221750497818,1.3199226257324217,0.0,17.504893295898437,0.12009429931640625,0
796.2482769489288,1.3388893005371092,0.0,17.566547958984373,0.12009429931640625,0
796.2613625526428,1.3188880798339844,-0.10000000000002274,17.921062271728513,0.10483551025390625,0
796.2655322551727,1.3119911071777344,-0.03999999999996362,17.566547958984373,0.12009429931640625,0
796.2690498828888,1.3181983825683592,-0.01999999999998181,17.622037155761717,0.12772369384765625,0
796.2739772796631,1.3078529235839842,-0.01999999999998181,17.464817764892576,0.12772369384765625,0
796.2782843112946,1.3123359558105467,-0.01999999999998181,17.933393204345702,0.12009429931640625,0
796.2826383113861,1.3116462585449218,-0.01999999999998181,17.572713425292967,0.10483551025390625,0
796.2880628108978,1.3119911071777344,-0.01999999999998181,17.50181056274414,0.12009429931640625,0
796.2935547828674,1.3109565612792968,-0.01999999999998181,17.366170303955077,0.13535308837890625,0
796.2979605197906,1.3150947448730468,-0.01999999999998181,17.563465225830075,0.12772369384765625,0
796.3029630184174,1.3095771667480467,-0.01999999999998181,17.575796158447265,0.10483551025390625,0
796.308562040329,1.3099220153808593,0.12000000000000455,17.45865229858398,0.10483551025390625,0
796.3125343322754,1.3164741394042967,0.12000000000000455,18.038206131591796,0.12009429931640625,0
796.3335344791412,1.3371650573730467,-0.01999999999998181,17.572713425292967,0.10483551025390625,0
796.3616092205048,1.2795753356933592,-0.01999999999998181,18.106026260986326,0.13535308837890625,0
796.3741927146912,1.2085365173339844,-0.01999999999998181,17.464817764892576,0.10483551025390625,0
796.3779821395874,1.1892249938964843,-0.15999999999996817,18.158432724609373,0.10483551025390625,0
796.3829905986786,1.1733619567871094,-0.10000000000002274,17.585044357910153,0.10483551025390625,0
796.3879919052124,1.1943977233886718,-0.10000000000002274,17.486396896972654,0.12772369384765625,0
796.3929951190948,1.2068122741699219,-0.05999999999994543,17.366170303955077,0.12009429931640625,0
796.3980011940002,1.2299171325683593,-0.01999999999998181,17.560382492675778,0.13535308837890625,0
796.403308391571,1.2788856384277343,-0.15999999999996817,17.563465225830075,0.12772369384765625,0
796.4076328277588,1.2978523132324218,0.01999999999998181,17.464817764892576,0.12772369384765625,0
796.4135644435883,1.3085426208496094,0.01999999999998181,17.63128535522461,0.13535308837890625,0
796.417564868927,1.3471656677246093,-0.10000000000002274,17.634368088378903,0.12772369384765625,0
796.4230225086212,1.3750984069824217,-0.05999999999994543,17.46173503173828,0.12772369384765625,0
796.4360282421112,1.4195838806152343,-0.17999999999994998,17.575796158447265,0.12009429931640625,0
796.4651162624359,1.1540504333496093,-0.01999999999998181,17.55113429321289,0.12009429931640625,0
796.4821374416351,1.3295783874511717,0.01999999999998181,17.572713425292967,0.10483551025390625,0
796.4861342906952,1.3450965759277342,-0.10000000000002274,17.597375290527342,0.10483551025390625,0
796.4901416301727,1.3157844421386717,0.01999999999998181,17.48023143066406,0.12772369384765625,0
796.4946630001068,1.4361366149902344,0.01999999999998181,17.739181015624997,0.12009429931640625,0
796.4985690116882,1.4940711853027342,-0.08000000000004093,17.554217026367187,0.14298248291015625,0
796.5025684833527,1.4340675231933593,-0.03999999999996362,17.609706223144528,0.12009429931640625,0
796.5083601474762,1.3047492858886718,-0.03999999999996362,17.4432386328125,0.13535308837890625,0
796.5120983123779,1.1768104431152344,0.01999999999998181,18.57768443359375,0.10483551025390625,0
796.5177948474884,0.9909370300292968,-0.08000000000004093,17.662112686767575,0.12772369384765625,0
796.5216703414917,1.1037025329589842,-0.03999999999996362,17.483314163818356,0.09720611572265625,0
796.528528213501,1.2575050231933593,-0.13999999999998636,18.445126907958983,0.12009429931640625,0
796.5325374603271,1.2006049987792968,-0.03999999999996362,17.566547958984373,0.12009429931640625,0
796.5465638637543,1.3678565856933593,-0.03999999999996362,17.828580277099608,0.10483551025390625,0
796.5785274505615,1.1837074157714844,0.0,18.33723124755859,0.12009429931640625,0
796.5951998233795,1.2150886413574218,-0.05999999999994543,18.70407649291992,0.10483551025390625,0
796.5991084575653,1.1947425720214844,-0.10000000000002274,17.603540756835937,0.10483551025390625,0
796.6031312942505,1.2116401550292968,-0.10000000000002274,17.594292557373045,0.12009429931640625,0
796.6085317134857,1.140601336669922,-0.12000000000000455,17.48023143066406,0.09720611572265625,0
796.6126224994659,1.0040412780761718,-0.05999999999994543,18.69482829345703,0.09720611572265625,0
796.6185610294342,0.8388587829589843,-0.01999999999998181,17.70835368408203,0.12009429931640625,0
796.6221992969513,0.9016212341308594,-0.10000000000002274,17.526472427978515,0.12772369384765625,0
796.6285316944122,1.0554237243652342,-0.10000000000002274,18.38655497802734,0.09720611572265625,0
796.6325619220734,1.0136970397949219,-0.05999999999994543,17.615871689453122,0.12009429931640625,0
796.6380815505981,1.0402503845214843,-0.01999999999998181,17.544968826904295,0.12009429931640625,0
796.6431682109833,1.1364631530761717,-0.15999999999996817,17.418576767578124,0.10483551025390625,0
796.648562669754,1.1206001159667969,-0.10000000000002274,17.625119888916014,0.09720611572265625,0
796.6625664234161,0.9936958190917968,-0.22000000000002728,18.346479447021483,0.09720611572265625,0
796.6962149143219,1.1602577087402344,-0.22000000000002728,17.902565872802732,0.10483551025390625,0
796.7102344036102,1.2033637878417969,-0.10000000000002274,17.424742233886718,0.10483551025390625,0
796.7131326198578,1.1150825378417968,-0.12000000000000455,17.754594681396483,0.09720611572265625,0
796.718564748764,1.0164558288574217,-0.12000000000000455,17.723767349853514,0.10483551025390625,0
796.7221939563751,0.9699012634277343,-0.17999999999994998,17.541886093749998,0.10483551025390625,0
796.7275524139404,1.0250770446777344,-0.08000000000004093,17.4432386328125,0.12009429931640625,0
796.7325396537781,1.1319801208496094,-0.03999999999996362,17.615871689453122,0.09720611572265625,0
796.7380967140198,1.1630164978027344,-0.13999999999998636,17.535720627441403,0.12772369384765625,0
796.7431786060333,1.2316413757324218,-0.13999999999998636,17.403163101806637,0.12009429931640625,0
796.7471656799316,1.2616432067871093,-0.03999999999996362,17.612788956298825,0.12772369384765625,0
796.7525606155396,1.2247444030761718,0.0,17.671360886230467,0.12772369384765625,0
796.7581057548523,1.1212898132324218,-0.12000000000000455,17.50181056274414,0.12772369384765625,0
796.7780702114105,1.1333595153808593,-0.08000000000004093,18.442044174804685,0.12009429931640625,0
796.8095233440399,0.9716255065917968,-0.17999999999994998,17.433990433349607,0.10483551025390625,0
796.8170077800751,1.1585334655761719,-0.13999999999998636,17.705270950927734,0.12772369384765625,0
796.8230237960815,1.2240547058105469,-0.12000000000000455,17.532637894287106,0.09720611572265625,0
796.8281733989716,1.2219856140136718,-0.03999999999996362,18.352644913330078,0.12009429931640625,0
796.8321847915649,1.2819892761230467,-0.03999999999996362,17.609706223144528,0.09720611572265625,0
796.8370337486267,1.2612983581542967,-0.13999999999998636,17.58812709106445,0.10483551025390625,0
796.8431885242462,1.1499122497558594,-0.05999999999994543,17.418576767578124,0.12009429931640625,0
796.8475909233093,0.9754188415527343,-0.17999999999994998,17.6374508215332,0.10483551025390625,0
796.8530459403992,0.8626533386230468,-0.12000000000000455,17.625119888916014,0.12009429931640625,0
796.8580532073975,1.0057655212402343,-0.08000000000004093,17.492562363281248,0.09720611572265625,0
796.8629152774811,1.1012885925292968,-0.15999999999996817,17.760760147705078,0.10483551025390625,0
796.87699842453,1.2564704772949218,-0.15999999999996817,17.446321365966796,0.10483551025390625,0
796.9070155620575,1.1333595153808593,-0.05999999999994543,17.50797602905273,0.10483551025390625,0
796.9238393306732,1.2316413757324218,-0.08000000000004093,17.495645096435545,0.12009429931640625,0
796.9279403686523,1.1423255798339844,-0.12000000000000455,18.213921921386717,0.10483551025390625,0
796.9319441318512,1.0288703796386718,-0.12000000000000455,17.625119888916014,0.12009429931640625,0
796.937032699585,0.9278297302246094,-0.10000000000002274,17.591209824218748,0.08957672119140625,0
796.9430530071259,0.8495490905761718,-0.05999999999994543,17.406245834960934,0.12772369384765625,0
796.9485468864441,0.9350715515136718,-0.17999999999994998,17.603540756835937,0.09720611572265625,0
796.9519376754761,1.0561134216308594,-0.10000000000002274,17.67752635253906,0.12009429931640625,0
796.9580774307251,1.0430091735839844,-0.10000000000002274,17.48947963012695,0.12772369384765625,0
796.9629390239716,1.1364631530761717,-0.05999999999994543,17.662112686767575,0.10483551025390625,0
796.9683113098145,1.1981910583496094,-0.10000000000002274,17.70835368408203,0.10483551025390625,0
796.9723150730133,1.1019782897949217,-0.05999999999994543,17.532637894287106,0.12009429931640625,0
796.9768388271332,0.9867988464355468,-0.05999999999994543,17.4432386328125,0.12009429931640625,0
796.997552394867,1.1292213317871094,-0.01999999999998181,17.594292557373045,0.14298248291015625,0
797.023054599762,0.9902473327636718,-0.08000000000004093,17.492562363281248,0.10483551025390625,0
797.0360734462738,1.154395281982422,-0.15999999999996817,17.606623489990234,0.14298248291015625,0
797.0405206680298,1.1657752868652342,-0.20000000000004547,17.483314163818356,0.12772369384765625,0
797.0440468788147,1.2812995788574217,-0.05999999999994543,17.495645096435545,0.10483551025390625,0
797.0485665798187,1.3168189880371093,-0.05999999999994543,17.575796158447265,0.12772369384765625,0
797.0525553226471,1.2730232116699218,-0.17999999999994998,17.643616287841795,0.12009429931640625,0
797.0580525398254,1.2878517028808594,-0.08000000000004093,17.464817764892576,0.10483551025390625,0
797.0630676746368,1.2561256286621092,-0.05999999999994543,17.66827815307617,0.10483551025390625,0
797.0685217380524,1.0764594909667968,-0.13999999999998636,17.66827815307617,0.12772369384765625,0
797.0735216140747,1.1330146667480467,-0.10000000000002274,17.47098323120117,0.12009429931640625,0
797.0782372951508,1.3023353454589843,-0.10000000000002274,18.16151545776367,0.14298248291015625,0
797.0822513103485,1.2633674499511718,0.0,17.572713425292967,0.12009429931640625,0
797.1022582054138,1.3457862731933592,-0.10000000000002274,17.62820262207031,0.12009429931640625,0
797.1332986354828,1.2864723083496092,-0.05999999999994543,17.566547958984373,0.09720611572265625,0
797.1423172950745,1.3192329284667967,-0.20000000000004547,17.40932856811523,0.09720611572265625,0
797.1469597816467,1.1043922302246094,-0.05999999999994543,17.609706223144528,0.08957672119140625,0
797.1523582935333,0.8788612243652343,-0.12000000000000455,17.689857285156247,0.08957672119140625,0
797.1575269699097,0.8912757751464844,-0.08000000000004093,17.504893295898437,0.12009429931640625,0
797.1623547077179,1.0974952575683594,-0.12000000000000455,18.39888591064453,0.12009429931640625,0
797.1675596237183,1.0812873718261717,-0.12000000000000455,17.692940018310544,0.12009429931640625,0
797.1735265254974,1.1105995056152342,-0.05999999999994543,17.523389694824218,0.10483551025390625,0
797.1773548126221,1.2319862243652342,-0.01999999999998181,17.45865229858398,0.10483551025390625,0
797.1823561191559,1.1919837829589843,-0.12000000000000455,17.622037155761717,0.09720611572265625,0
797.1874248981476,1.0557685729980468,-0.2400000000000091,17.603540756835937,0.12009429931640625,0
797.2075185775757,1.1292213317871094,-0.2400000000000091,17.523389694824218,0.12772369384765625,0
797.2383465766907,1.0468025085449217,-0.13999999999998636,17.548051560058592,0.12009429931640625,0
797.2462878227234,0.9092079040527343,-0.10000000000002274,17.976551468505857,0.10483551025390625,0
797.2495296001434,0.9809364196777344,-0.15999999999996817,17.622037155761717,0.12772369384765625,0
797.2523365020752,1.0788734313964843,-0.08000000000004093,17.69602275146484,0.12772369384765625,0
797.2573556900024,1.1426704284667968,-0.08000000000004093,17.514141495361326,0.10483551025390625,0
797.262348651886,1.1154273864746094,-0.05999999999994543,18.571518967285154,0.12009429931640625,0
797.267571926117,1.1992256042480467,-0.13999999999998636,17.674443619384764,0.10483551025390625,0
797.27201628685,1.2226753112792967,-0.10000000000002274,17.529555161132812,0.10483551025390625,0
797.2775263786316,1.1081855651855468,-0.10000000000002274,17.446321365966796,0.10483551025390625,0
797.2825253009796,0.9964546081542969,-0.05999999999994543,17.622037155761717,0.10483551025390625,0
797.2873475551605,0.9054145690917969,-0.12000000000000455,17.612788956298825,0.12009429931640625,0
797.2922675609589,0.9016212341308594,-0.08000000000004093,17.449404099121093,0.10483551025390625,0
797.2973234653473,0.9926612731933593,-0.03999999999996362,17.63128535522461,0.10483551025390625,0
797.3240721225739,1.1281867858886718,-0.13999999999998636,17.532637894287106,0.08957672119140625,0
797.3851187229156,1.3116462585449218,0.05999999999994543,17.689857285156247,0.09720611572265625,0
797.4081392288208,1.0943916198730468,-0.05999999999994543,17.492562363281248,0.09720611572265625,0
797.4265246391296,1.3116462585449218,-0.10000000000002274,17.406245834960934,0.10483551025390625,0
797.4669127464294,1.2057777282714843,-0.20000000000004547,17.662112686767575,0.12772369384765625,0
797.4841306209564,1.3009559509277342,-0.05999999999994543,17.71760188354492,0.10483551025390625,0
797.4878644943237,1.2664710876464842,-0.17999999999994998,17.532637894287106,0.12009429931640625,0
797.4925093650818,1.1254279968261718,-0.17999999999994998,17.446321365966796,0.10483551025390625,0
797.4975078105927,0.9333473083496093,-0.05999999999994543,17.62820262207031,0.12772369384765625,0
797.5031080245972,0.9757636901855469,-0.13999999999998636,17.62820262207031,0.10483551025390625,0
797.5081839561462,1.150946795654297,-0.10000000000002274,17.50181056274414,0.09720611572265625,0
797.5122680664062,1.1637061950683594,-0.03999999999996362,18.139936325683593,0.12009429931640625,0
797.5172758102417,1.1823280212402343,-0.03999999999996362,17.662112686767575,0.13535308837890625,0
797.5372593402863,1.1519813415527342,0.0,17.58812709106445,0.10483551025390625,0
797.5682802200317,1.2730232116699218,-0.08000000000004093,17.674443619384764,0.12009429931640625,0
797.5775117874146,1.2485389587402342,-0.05999999999994543,17.400080368652343,0.10483551025390625,0
797.5805160999298,1.1885352966308593,-0.12000000000000455,17.652864487304686,0.12772369384765625,0
797.5835087299347,1.1281867858886718,-0.05999999999994543,17.58812709106445,0.12009429931640625,0
797.5885081291199,1.0292152282714844,-0.05999999999994543,17.514141495361326,0.12772369384765625,0
797.5921988487244,0.9440376159667968,-0.03999999999996362,17.42165950073242,0.12009429931640625,0
797.5972933769226,0.9623145935058594,-0.12000000000000455,17.603540756835937,0.13535308837890625,0
797.6023082733154,1.0692176696777342,-0.08000000000004093,17.652864487304686,0.10483551025390625,0
797.6075100898743,1.0988746520996093,-0.08000000000004093,17.474065964355468,0.12772369384765625,0
797.6125228404999,1.1340492126464843,-0.03999999999996362,18.36805857910156,0.13535308837890625,0
797.617208480835,1.2219856140136718,-0.12000000000000455,17.62820262207031,0.09720611572265625,0
797.6222102642059,1.2250892517089842,-0.22000000000002728,17.50181056274414,0.09720611572265625,0
797.6275644302368,1.2371589538574217,-0.03999999999996362,17.406245834960934,0.12772369384765625,0
797.6322598457336,1.2150886413574218,-0.13999999999998636,17.591209824218748,0.12009429931640625,0
797.6523387432098,1.0757697937011719,-0.13999999999998636,17.6374508215332,0.12772369384765625,0
797.6841449737549,1.1602577087402344,0.05999999999994543,17.66827815307617,0.10483551025390625,0
797.6932148933411,1.1847419616699217,-0.05999999999994543,17.344591171875,0.12772369384765625,0
797.6972723007202,1.1288764831542968,-0.08000000000004093,17.566547958984373,0.10483551025390625,0
797.7022943496704,1.2137092468261719,-0.08000000000004093,17.625119888916014,0.09720611572265625,0
797.7076008319855,1.2809547302246094,-0.13999999999998636,17.449404099121093,0.14298248291015625,0
797.7125215530396,1.3254402038574218,-0.08000000000004093,18.303321182861325,0.13535308837890625,0
797.7174022197723,1.3047492858886718,-0.03999999999996362,17.625119888916014,0.10483551025390625,0
797.7224552631378,1.3509590026855467,-0.13999999999998636,17.483314163818356,0.10483551025390625,0
797.7276108264923,1.3416480895996092,-0.10000000000002274,17.39083216918945,0.08957672119140625,0
797.7325763702393,1.2626777526855468,-0.10000000000002274,17.572713425292967,0.09720611572265625,0
797.7372176647186,1.1740516540527344,-0.03999999999996362,17.566547958984373,0.10483551025390625,0
797.7425565719604,1.1226692077636717,0.0,17.406245834960934,0.10483551025390625,0
797.773351430893,1.3202674743652343,0.0,17.51105876220703,0.10483551025390625,0
797.8404397964478,1.2885414001464843,-0.05999999999994543,17.504893295898437,0.09720611572265625,0
797.8665368556976,1.0705970642089844,0.0,17.625119888916014,0.10483551025390625,0
797.8861136436462,1.1695686218261718,-0.13999999999998636,17.643616287841795,0.08957672119140625,0
797.927264213562,1.0357673522949218,-0.13999999999998636,17.4432386328125,0.08957672119140625,0
797.9447703361511,1.0123176452636717,-0.12000000000000455,18.361893112792966,0.10483551025390625,0
797.9484684467316,0.9674873229980469,-0.12000000000000455,17.625119888916014,0.10483551025390625,0
797.9522740840912,0.9881782409667969,-0.12000000000000455,17.711436417236325,0.10483551025390625,0
797.9574148654938,0.9488654968261718,0.0,17.535720627441403,0.09720611572265625,0
797.9775023460388,1.0112830993652342,-0.08000000000004093,17.449404099121093,0.09720611572265625,0
798.008510351181,1.0285255310058594,-0.05999999999994543,17.48947963012695,0.09720611572265625,0
798.0165147781372,0.8554115173339844,-0.05999999999994543,17.62820262207031,0.10483551025390625,0
798.0194664001465,0.8798957702636718,-0.13999999999998636,17.671360886230467,0.12009429931640625,0
798.0224587917328,0.9612800476074218,-0.22000000000002728,17.532637894287106,0.09720611572265625,0
798.0276098251343,1.0147315856933592,-0.03999999999996362,17.433990433349607,0.12009429931640625,0
798.0325310230255,1.0326637145996094,-0.03999999999996362,17.609706223144528,0.10483551025390625,0
798.0374040603638,1.1571540710449217,-0.12000000000000455,17.609706223144528,0.10483551025390625,0
798.0425977706909,1.1099098083496093,-0.08000000000004093,17.446321365966796,0.12009429931640625,0
798.0466134548187,1.1792243835449219,-0.05999999999994543,17.646699020996092,0.08957672119140625,0
798.0525195598602,1.2130195495605467,-0.15999999999996817,17.689857285156247,0.08957672119140625,0
798.0576024055481,1.0837013122558594,0.03999999999996362,17.514141495361326,0.12772369384765625,0
798.0624673366547,1.0036964294433592,0.03999999999996362,18.451292374267577,0.08957672119140625,0
798.08260846138,1.1133582946777343,-0.03999999999996362,17.625119888916014,0.09720611572265625,0
798.1145458221436,1.0426643249511718,-0.15999999999996817,17.609706223144528,0.10483551025390625,0
798.1235506534576,1.1088752624511717,-0.12000000000000455,17.504893295898437,0.13535308837890625,0
798.1275520324707,1.185431658935547,-0.13999999999998636,17.427824967041015,0.12772369384765625,0
798.1325581073761,1.2206062194824219,-0.05999999999994543,17.606623489990234,0.10483551025390625,0
798.1375570297241,1.2816444274902343,-0.17999999999994998,17.58812709106445,0.12009429931640625,0
798.1426093578339,1.3119911071777344,-0.12000000000000455,17.43090770019531,0.10483551025390625,0
798.1475183963776,1.2640571472167967,-0.08000000000004093,17.625119888916014,0.12009429931640625,0
798.1525254249573,1.178534686279297,-0.08000000000004093,17.674443619384764,0.12009429931640625,0
798.1575491428375,1.0774940368652344,-0.13999999999998636,17.50181056274414,0.10483551025390625,0
798.1635220050812,1.0902534362792968,-0.10000000000002274,17.71760188354492,0.10483551025390625,0
798.16761302948,1.1747413513183593,-0.03999999999996362,17.671360886230467,0.12009429931640625,0
798.1730906963348,1.2181922790527342,-0.13999999999998636,17.504893295898437,0.13535308837890625,0
798.1860928535461,1.2644019958496093,-0.10000000000002274,17.615871689453122,0.10483551025390625,0
798.2151675224304,1.1064613220214843,-0.03999999999996362,17.572713425292967,0.12772369384765625,0
798.2321333885193,1.1661201354980468,-0.08000000000004093,17.591209824218748,0.12009429931640625,0
798.236184835434,1.1012885925292968,-0.08000000000004093,17.63128535522461,0.10483551025390625,0
798.2405087947845,1.0202491638183593,-0.08000000000004093,17.486396896972654,0.10483551025390625,0
798.2441835403442,1.081977069091797,-0.03999999999996362,17.418576767578124,0.12772369384765625,0
798.2485165596008,1.1116340515136718,-0.15999999999996817,17.566547958984373,0.12772369384765625,0
798.25328540802,1.0674934265136717,-0.15999999999996817,17.58812709106445,0.13535308837890625,0
798.2572882175446,1.1381873962402342,-0.15999999999996817,17.45248683227539,0.12772369384765625,0
798.2625226974487,1.2337104675292967,-0.08000000000004093,18.257080185546872,0.14298248291015625,0
798.2672054767609,1.2471595642089843,0.0,17.622037155761717,0.10483551025390625,0
798.2719593048096,1.2130195495605467,0.0,17.486396896972654,0.10483551025390625,0
798.2772114276886,1.1423255798339844,-0.05999999999994543,17.387749436035154,0.10483551025390625,0
798.2826197147369,1.1671546813964844,-0.01999999999998181,17.566547958984373,0.10483551025390625,0
798.3021020889282,1.1588783142089842,-0.13999999999998636,17.62820262207031,0.10483551025390625,0
798.3330919742584,0.9219673034667968,-0.08000000000004093,17.603540756835937,0.10483551025390625,0
798.3421931266785,0.9430030700683594,-0.03999999999996362,17.427824967041015,0.09720611572265625,0
798.3465175628662,1.0512855407714843,-0.08000000000004093,17.899483139648435,0.12009429931640625,0
798.3501625061035,1.0392158386230468,-0.13999999999998636,17.63128535522461,0.09720611572265625,0
798.354193687439,1.040595233154297,-0.13999999999998636,17.575796158447265,0.12009429931640625,0
798.3571672439575,1.1274970886230469,-0.08000000000004093,17.50797602905273,0.10483551025390625,0
798.3631861209869,1.1999153015136719,-0.08000000000004093,17.705270950927734,0.12009429931640625,0
798.368246793747,1.0940467712402344,-0.03999999999996362,17.71760188354492,0.10483551025390625,0
798.3724269866943,1.1430152770996094,0.01999999999998181,17.529555161132812,0.10483551025390625,0
798.3775219917297,1.1443946716308593,-0.10000000000002274,17.4401558996582,0.12009429931640625,0
798.382511138916,0.9823158142089843,-0.22000000000002728,17.612788956298825,0.09720611572265625,0
798.3875176906586,0.9126563903808593,-0.03999999999996362,17.603540756835937,0.10483551025390625,0
798.3920125961304,0.9471412536621093,-0.03999999999996362,17.467900498046873,0.09720611572265625,0
798.3972072601318,0.9836952087402343,-0.10000000000002274,17.622037155761717,0.09720611572265625,0
798.4178032875061,1.1468086120605467,-0.05999999999994543,17.723767349853514,0.12009429931640625,0
798.4495277404785,1.1640510437011717,-0.03999999999996362,17.609706223144528,0.10483551025390625,0
798.4578330516815,1.0581825134277343,0.10000000000002274,17.48947963012695,0.10483551025390625,0
798.4618771076202,1.0688728210449219,-0.17999999999994998,18.14301905883789,0.09720611572265625,0
798.4679379463196,1.0916328308105467,0.01999999999998181,17.71760188354492,0.09720611572265625,0
798.4734251499176,1.1133582946777343,-0.10000000000002274,17.523389694824218,0.12009429931640625,0
798.4775514602661,1.1412910339355469,-0.05999999999994543,17.424742233886718,0.12009429931640625,0
798.4820823669434,1.1947425720214844,-0.05999999999994543,17.603540756835937,0.09720611572265625,0
798.4881010055542,1.2202613708496093,-0.03999999999996362,17.529555161132812,0.09720611572265625,0
798.4932420253754,1.2592292663574218,-0.15999999999996817,17.396997635498046,0.12009429931640625,0
798.4975347518921,1.2916450378417967,-0.12000000000000455,17.609706223144528,0.10483551025390625,0
798.5023744106293,1.3106117126464842,-0.10000000000002274,17.674443619384764,0.12772369384765625,0
798.5165193080902,1.3440620300292967,-0.08000000000004093,17.606623489990234,0.12772369384765625,0
798.546543598175,1.2675056335449217,-0.08000000000004093,17.896400406494138,0.12009429931640625,0
798.562554359436,1.1795692321777342,0.0,17.74842921508789,0.10483551025390625,0
798.5665557384491,1.1919837829589843,-0.05999999999994543,17.6374508215332,0.10483551025390625,0
798.5725615024567,1.1706031677246094,-0.05999999999994543,17.52030696166992,0.12772369384765625,0
798.5775015354156,1.0568031188964844,-0.01999999999998181,17.424742233886718,0.12009429931640625,0
798.5825917720795,1.075080096435547,-0.13999999999998636,17.609706223144528,0.08957672119140625,0
798.5875971317291,1.1961219665527343,-0.10000000000002274,17.594292557373045,0.10483551025390625,0
798.5925080776215,1.1799140808105468,-0.05999999999994543,17.449404099121093,0.08957672119140625,0
798.5972762107849,1.2047431823730468,-0.03999999999996362,17.625119888916014,0.09720611572265625,0
798.6025190353394,1.2771613952636718,-0.03999999999996362,17.69602275146484,0.12009429931640625,0
798.6075215339661,1.2006049987792968,-0.17999999999994998,17.526472427978515,0.10483551025390625,0
798.6126635074615,1.1961219665527343,-0.10000000000002274,17.760760147705078,0.12772369384765625,0
798.6264879703522,0.8695503112792968,-0.22000000000002728,17.424742233886718,0.12009429931640625,0
798.656506061554,1.1843971130371094,-0.01999999999998181,17.523389694824218,0.12009429931640625,0
798.6735138893127,1.2243995544433592,-0.05999999999994543,17.514141495361326,0.10483551025390625,0
798.6765856742859,1.2047431823730468,-0.03999999999996362,17.424742233886718,0.09720611572265625,0
798.681747674942,1.1561195251464844,-0.08000000000004093,17.609706223144528,0.10483551025390625,0
798.6868460178375,1.1085304138183594,-0.05999999999994543,17.597375290527342,0.10483551025390625,0
798.6925916671753,1.0805976745605468,0.0,17.446321365966796,0.10483551025390625,0
798.6985127925873,0.9930061218261719,0.0,17.612788956298825,0.12009429931640625,0
798.7018754482269,0.9626594421386718,-0.12000000000000455,17.683691818847656,0.10483551025390625,0
798.7075135707855,1.157843768310547,-0.08000000000004093,17.51105876220703,0.12009429931640625,0
798.7125129699707,1.1078407165527344,-0.03999999999996362,18.401968643798828,0.10483551025390625,0
798.7176110744476,1.1412910339355469,-0.15999999999996817,17.655947220458984,0.10483551025390625,0
798.7385077476501,1.1526710388183594,-0.15999999999996817,17.548051560058592,0.09720611572265625,0
798.7642076015472,0.9709358093261719,-0.22000000000002728,17.622037155761717,0.12009429931640625,0
798.7785139083862,1.0895637390136719,-0.10000000000002274,18.420465042724608,0.12009429931640625,0
798.7822113037109,1.1137031433105469,-0.05999999999994543,17.609706223144528,0.09720611572265625,0
798.7876012325287,1.1309455749511719,0.01999999999998181,17.58812709106445,0.13535308837890625,0
798.792590379715,1.1495674011230468,0.03999999999996362,17.424742233886718,0.13535308837890625,0
798.7969527244568,1.1502570983886717,-0.08000000000004093,17.62820262207031,0.12772369384765625,0
798.8030614852905,1.1343940612792969,-0.20000000000004547,17.612788956298825,0.12772369384765625,0
798.8082137107849,1.0978401062011718,-0.03999999999996362,17.486396896972654,0.12772369384765625,0
798.812239408493,1.0547340270996093,-0.03999999999996362,18.68558009399414,0.10483551025390625,0
798.8174767494202,0.9757636901855469,0.0,17.646699020996092,0.12009429931640625,0
798.8224468231201,0.9381751892089844,-0.10000000000002274,17.526472427978515,0.12009429931640625,0
798.8274557590485,0.9416236755371094,-0.05999999999994543,17.424742233886718,0.12772369384765625,0
798.8323512077332,0.9988685485839843,-0.03999999999996362,17.594292557373045,0.12009429931640625,0
798.8456311225891,1.1181861755371094,-0.03999999999996362,18.244749252929687,0.12772369384765625,0
798.875406742096,1.1843971130371094,0.0,17.474065964355468,0.12772369384765625,0
798.8925704956055,1.0861152526855469,-0.03999999999996362,17.4401558996582,0.12009429931640625,0
798.8979864120483,1.1512916442871093,0.0,17.585044357910153,0.10483551025390625,0
798.9034647941589,1.1671546813964844,-0.01999999999998181,17.603540756835937,0.12772369384765625,0
798.9067957401276,1.2357795593261718,-0.12000000000000455,17.483314163818356,0.10483551025390625,0
798.9117827415466,1.3002662536621092,-0.08000000000004093,18.44820964111328,0.10483551025390625,0
798.9175617694855,1.2923347351074217,-0.05999999999994543,17.643616287841795,0.12009429931640625,0
798.9219024181366,1.3071632263183592,-0.17999999999994998,17.50797602905273,0.12772369384765625,0
798.9285333156586,1.2347450134277342,-0.12000000000000455,18.176929123535153,0.10483551025390625,0
798.9322216510773,1.1443946716308593,-0.03999999999996362,17.58812709106445,0.12772369384765625,0
798.9372324943542,1.092322528076172,-0.03999999999996362,17.575796158447265,0.12772369384765625,0
798.9568150043488,1.2492286560058592,0.0,17.47098323120117,0.12009429931640625,0
798.988322019577,1.2819892761230467,-0.12000000000000455,17.486396896972654,0.10483551025390625,0
798.9975988864899,1.1550849792480469,-0.12000000000000455,17.585044357910153,0.14298248291015625,0
799.0008141994476,1.1540504333496093,-0.03999999999996362,17.671360886230467,0.12009429931640625,0
799.0038156509399,1.2381934997558592,-0.10000000000002274,17.52030696166992,0.10483551025390625,0
799.008819103241,1.2823341247558593,-0.10000000000002274,17.36308757080078,0.12009429931640625,0
799.0119006633759,1.2606086608886717,-0.05999999999994543,18.420465042724608,0.13535308837890625,0
799.0168404579163,1.3768226501464842,-0.15999999999996817,17.622037155761717,0.13535308837890625,0
799.021956205368,1.3499244567871094,-0.15999999999996817,17.483314163818356,0.10483551025390625,0
799.0274546146393,1.3482002136230469,-0.08000000000004093,17.366170303955077,0.12772369384765625,0
799.0325133800507,1.3730293151855468,-0.03999999999996362,17.544968826904295,0.10483551025390625,0
799.036878824234,1.2316413757324218,-0.01999999999998181,17.532637894287106,0.08957672119140625,0
799.0434148311615,1.0719764587402343,-0.13999999999998636,17.350756638183594,0.12009429931640625,0
799.047557592392,1.0561134216308594,0.05999999999994543,17.56963069213867,0.13535308837890625,0
799.0725846290588,1.2371589538574217,0.05999999999994543,17.492562363281248,0.10483551025390625,0
799.1223347187042,1.1174964782714842,-0.20000000000004547,17.548051560058592,0.09720611572265625,0
799.1363520622253,0.8829994079589844,-0.20000000000004547,17.665195419921872,0.12009429931640625,0
799.1393496990204,0.9585212585449219,-0.10000000000002274,17.529555161132812,0.10483551025390625,0
799.1425304412842,1.0316291687011718,-0.12000000000000455,17.45248683227539,0.12009429931640625,0
799.1475894451141,1.0616309997558593,-0.12000000000000455,17.655947220458984,0.12772369384765625,0
799.1525800228119,1.1333595153808593,-0.08000000000004093,17.692940018310544,0.10483551025390625,0
799.1575167179108,1.1992256042480467,-0.15999999999996817,17.51105876220703,0.10483551025390625,0
799.1625881195068,1.1568092224121094,-0.10000000000002274,18.53452616943359,0.09720611572265625,0
799.1834247112274,1.1230140563964843,-0.05999999999994543,17.62820262207031,0.09720611572265625,0
799.2100315093994,0.8302375671386718,-0.05999999999994543,17.4401558996582,0.09720611572265625,0
799.224586725235,1.0588722106933592,-0.05999999999994543,17.535720627441403,0.10483551025390625,0
799.2285079956055,1.1068061706542969,-0.05999999999994543,18.155349991455076,0.12009429931640625,0
799.2325019836426,1.2206062194824219,-0.08000000000004093,17.6374508215332,0.10483551025390625,0
799.2385079860687,1.2126747009277343,-0.08000000000004093,17.566547958984373,0.10483551025390625,0
799.2425525188446,1.1568092224121094,0.0,17.48023143066406,0.10483551025390625,0
799.2475869655609,1.068183123779297,-0.10000000000002274,17.643616287841795,0.08957672119140625,0
799.2530419826508,0.9599006530761718,-0.08000000000004093,17.652864487304686,0.09720611572265625,0
799.259092092514,1.0478370544433593,-0.17999999999994998,17.4432386328125,0.12772369384765625,0
799.2628633975983,1.1285316345214844,-0.12000000000000455,17.714519150390622,0.12009429931640625,0
799.2685108184814,1.1499122497558594,-0.12000000000000455,17.733015549316406,0.10483551025390625,0
799.2815918922424,1.2999214050292969,-0.22000000000002728,17.609706223144528,0.12772369384765625,0
799.3116118907928,1.1454292175292968,-0.12000000000000455,17.850159409179685,0.08957672119140625,0
799.3282706737518,1.1809486267089844,-0.01999999999998181,17.995047867431637,0.10483551025390625,0
799.3326017856598,1.0861152526855469,-0.03999999999996362,17.625119888916014,0.10483551025390625,0
799.3366260528564,0.8250648376464843,-0.03999999999996362,17.625119888916014,0.09720611572265625,0
799.3416290283203,0.7202308532714844,-0.15999999999996817,17.474065964355468,0.10483551025390625,0
799.3475904464722,1.0123176452636717,-0.10000000000002274,17.612788956298825,0.12772369384765625,0
799.3522093296051,1.0099037048339843,-0.10000000000002274,17.689857285156247,0.10483551025390625,0
799.3572189807892,1.0068000671386719,-0.17999999999994998,17.514141495361326,0.10483551025390625,0
799.3622214794159,1.1902595397949218,-0.17999999999994998,18.001213333740232,0.09720611572265625,0
799.3666982650757,1.1685340759277343,-0.12000000000000455,17.655947220458984,0.09720611572265625,0
799.3716711997986,1.0999091979980469,-0.20000000000004547,17.526472427978515,0.10483551025390625,0
799.377357006073,1.0602516052246094,-0.13999999999998636,17.427824967041015,0.10483551025390625,0
799.3983764648438,1.0737007019042968,-0.13999999999998636,17.597375290527342,0.10483551025390625,0
799.424586057663,1.0630103942871094,-0.05999999999994543,17.48947963012695,0.12009429931640625,0
799.438378572464,0.9030006286621093,-0.17999999999994998,17.523389694824218,0.12009429931640625,0
799.4422688484192,0.9461067077636718,-0.12000000000000455,17.424742233886718,0.12772369384765625,0
799.4475164413452,0.9892127868652343,-0.15999999999996817,17.58812709106445,0.12009429931640625,0
799.452957868576,1.0292152282714844,-0.12000000000000455,17.594292557373045,0.12009429931640625,0
799.4569668769836,1.0974952575683594,-0.08000000000004093,17.464817764892576,0.09720611572265625,0
799.463470697403,1.1230140563964843,-0.03999999999996362,17.69602275146484,0.10483551025390625,0
799.4674615859985,1.1054267761230467,-0.01999999999998181,17.643616287841795,0.08194732666015625,0
799.4716365337372,1.0592170593261718,-0.01999999999998181,17.492562363281248,0.12772369384765625,0
799.4779908657074,1.0154212829589844,-0.12000000000000455,17.9364759375,0.12009429931640625,0
799.4829332828522,0.8978278991699218,-0.20000000000004547,17.572713425292967,0.12009429931640625,0
799.4884822368622,0.8481696960449219,-0.13999999999998636,17.51105876220703,0.12772369384765625,0
799.5015389919281,1.0016273376464844,-0.10000000000002274,17.683691818847656,0.12009429931640625,0
799.5315084457397,1.1654304382324219,-0.05999999999994543,17.532637894287106,0.12009429931640625,0
799.5495133399963,1.0616309997558593,-0.12000000000000455,17.560382492675778,0.13535308837890625,0
799.5531227588654,1.099219500732422,-0.05999999999994543,17.58196162475586,0.12772369384765625,0
799.5582599639893,1.1326698181152344,-0.05999999999994543,17.4432386328125,0.12009429931640625,0
799.5625224113464,1.2354347106933592,-0.05999999999994543,18.0351233984375,0.10483551025390625,0
799.5675020217896,1.2823341247558593,-0.17999999999994998,17.58812709106445,0.12772369384765625,0
799.5725049972534,1.3054389831542967,-0.10000000000002274,17.47098323120117,0.12772369384765625,0
799.5774176120758,1.2926795837402343,-0.05999999999994543,17.366170303955077,0.12009429931640625,0
799.5824582576752,1.2526771423339842,-0.01999999999998181,17.548051560058592,0.12772369384765625,0
799.5880155563354,1.1526710388183594,-0.12000000000000455,17.474065964355468,0.10483551025390625,0
799.5935478210449,1.0650794860839843,-0.01999999999998181,17.347673905029296,0.13535308837890625,0
799.6066701412201,1.2226753112792967,-0.01999999999998181,17.474065964355468,0.12772369384765625,0
799.6367340087891,0.9692115661621094,-0.12000000000000455,17.612788956298825,0.12772369384765625,0
799.6548497676849,1.2378486511230469,-0.13999999999998636,17.535720627441403,0.10483551025390625,0
799.6588432788849,1.2081916687011718,-0.17999999999994998,17.42165950073242,0.12772369384765625,0
799.6636800765991,1.0781837341308593,-0.17999999999994998,17.609706223144528,0.10483551025390625,0
799.6678445339203,1.0147315856933592,-0.15999999999996817,17.736098282470703,0.10483551025390625,0
799.6717946529388,0.8792060729980469,-0.08000000000004093,17.548051560058592,0.09720611572265625,0
799.6768474578857,0.8098914978027344,-0.03999999999996362,17.45248683227539,0.12772369384765625,0
799.6818861961365,1.0530097839355468,-0.03999999999996362,17.612788956298825,0.10483551025390625,0
799.6868579387665,1.0661140319824218,-0.10000000000002274,17.606623489990234,0.12772369384765625,0
799.6928670406342,1.037146746826172,-0.20000000000004547,17.40932856811523,0.12009429931640625,0
799.6978716850281,1.1768104431152344,-0.13999999999998636,17.609706223144528,0.10483551025390625,0
799.7029535770416,1.1299110290527343,-0.08000000000004093,17.63128535522461,0.10483551025390625,0
799.7079832553864,0.9709358093261719,-0.03999999999996362,17.50797602905273,0.09720611572265625,0
799.7219707965851,0.9699012634277343,0.0,17.532637894287106,0.08957672119140625,0
799.7525362968445,0.6943672058105469,0.0,17.72685008300781,0.12009429931640625,0
799.7698678970337,0.9916267272949219,-0.12000000000000455,17.6374508215332,0.12009429931640625,0
799.7740721702576,1.095771014404297,-0.10000000000002274,17.529555161132812,0.09720611572265625,0
799.7785036563873,1.1137031433105469,-0.10000000000002274,18.173846390380856,0.09720611572265625,0
799.7828240394592,0.8936897155761718,-0.03999999999996362,17.655947220458984,0.09720611572265625,0
799.7867493629456,0.7571296569824219,-0.10000000000002274,17.622037155761717,0.10483551025390625,0
799.7920846939087,1.0857704040527343,-0.03999999999996362,17.45865229858398,0.12009429931640625,0
799.7981007099152,1.1585334655761719,-0.03999999999996362,17.612788956298825,0.12772369384765625,0
799.8035464286804,1.1499122497558594,-0.12000000000000455,17.63128535522461,0.10483551025390625,0
799.8075895309448,1.1733619567871094,-0.13999999999998636,17.514141495361326,0.09720611572265625,0
799.8129498958588,1.0850807067871093,-0.08000000000004093,17.79775294555664,0.10483551025390625,0
799.8265881538391,1.0016273376464844,-0.03999999999996362,17.403163101806637,0.12009429931640625,0
799.8559401035309,1.0623206970214842,-0.12000000000000455,17.532637894287106,0.10483551025390625,0
799.8729515075684,1.1471534606933593,0.0,17.50797602905273,0.09720611572265625,0
799.8781099319458,1.1640510437011717,-0.01999999999998181,17.97346873535156,0.08957672119140625,0
799.8831219673157,1.1943977233886718,0.0,17.603540756835937,0.12009429931640625,0
799.8881924152374,1.3061286804199217,-0.10000000000002274,17.541886093749998,0.12009429931640625,0
799.8923206329346,1.2985420104980467,-0.05999999999994543,17.45865229858398,0.09720611572265625,0
799.8970289230347,1.2095710632324217,-0.05999999999994543,17.615871689453122,0.10483551025390625,0
799.9030342102051,1.057837664794922,-0.12000000000000455,17.622037155761717,0.10483551025390625,0
799.9085314273834,0.9771430847167968,-0.08000000000004093,17.492562363281248,0.10483551025390625,0
799.9124088287354,1.0519752380371092,-0.01999999999998181,18.16151545776367,0.10483551025390625,0
799.9169878959656,1.1664649841308594,-0.01999999999998181,17.64978175415039,0.12772369384765625,0
799.9235351085663,1.1709480163574217,-0.12000000000000455,17.504893295898437,0.10483551025390625,0
799.9362101554871,1.2209510681152342,-0.20000000000004547,17.634368088378903,0.10483551025390625,0
799.9665849208832,1.0602516052246094,-0.13999999999998636,17.591209824218748,0.10483551025390625,0
799.9828951358795,1.0105934020996092,-0.01999999999998181,17.58196162475586,0.12772369384765625,0
799.9885375499725,0.9202430603027343,-0.03999999999996362,17.51105876220703,0.10483551025390625,0
799.9922778606415,0.9095527526855468,-0.03999999999996362,17.427824967041015,0.12009429931640625,0
799.9972894191742,0.9754188415527343,0.01999999999998181,17.575796158447265,0.12009429931640625,0
800.0023934841156,1.0499061462402344,-0.10000000000002274,17.643616287841795,0.14298248291015625,0
800.0067737102509,1.1137031433105469,-0.10000000000002274,17.446321365966796,0.12772369384765625,0
800.0125334262848,1.1847419616699217,-0.05999999999994543,17.958055069580077,0.08957672119140625,0
800.0174913406372,1.2106056091308592,-0.13999999999998636,17.597375290527342,0.10483551025390625,0
800.0235302448273,1.2150886413574218,-0.08000000000004093,17.45865229858398,0.10483551025390625,0
800.0285007953644,1.1540504333496093,-0.05999999999994543,17.81624934448242,0.09720611572265625,0
800.0325372219086,1.0181800720214842,-0.15999999999996817,17.563465225830075,0.14298248291015625,0
800.0385298728943,0.8643775817871093,-0.12000000000000455,17.48947963012695,0.10483551025390625,0
800.0523521900177,1.0512855407714843,-0.01999999999998181,17.62820262207031,0.10483551025390625,0
800.0825912952423,1.0395606872558594,-0.01999999999998181,17.563465225830075,0.09720611572265625,0
800.1002123355865,1.0188697692871094,-0.05999999999994543,17.603540756835937,0.10483551025390625,0
800.1045789718628,1.0057655212402343,-0.12000000000000455,17.55113429321289,0.10483551025390625,0
800.10853099823,1.0788734313964843,-0.13999999999998636,17.47098323120117,0.10483551025390625,0
800.1134147644043,1.1333595153808593,-0.13999999999998636,17.791587479248044,0.09720611572265625,0
800.1174178123474,1.1374976989746093,-0.08000000000004093,17.652864487304686,0.10483551025390625,0
800.1233820915222,1.0895637390136719,-0.03999999999996362,17.51105876220703,0.09720611572265625,0
800.1273839473724,1.0043861267089842,-0.01999999999998181,17.433990433349607,0.10483551025390625,0
800.1324954032898,0.8785163757324218,-0.01999999999998181,17.625119888916014,0.10483551025390625,0
800.1372408866882,0.8092018005371093,-0.10000000000002274,17.612788956298825,0.10483551025390625,0
800.1422884464264,0.8871375915527343,-0.17999999999994998,17.446321365966796,0.10483551025390625,0
800.1720240116119,1.1571540710449217,-0.13999999999998636,17.532637894287106,0.09720611572265625,0
800.234555721283,1.2340553161621093,-0.10000000000002274,17.692940018310544,0.10483551025390625,0
800.2484991550446,1.1250831481933594,-0.03999999999996362,17.597375290527342,0.12772369384765625,0
800.2530155181885,1.0450782653808592,-0.08000000000004093,17.625119888916014,0.12009429931640625,0
800.2734920978546,1.0454231140136718,-0.15999999999996817,17.514141495361326,0.10483551025390625,0
800.2991056442261,1.1364631530761717,-0.10000000000002274,17.62820262207031,0.09720611572265625,0
800.313218832016,0.8050636169433594,0.01999999999998181,17.754594681396483,0.10483551025390625,0
800.3175818920135,0.7278175231933594,-0.13999999999998636,17.66827815307617,0.12772369384765625,0
800.3231334686279,0.7885108825683593,-0.17999999999994998,17.529555161132812,0.12009429931640625,0
800.3282284736633,0.8778266784667969,-0.15999999999996817,17.976551468505857,0.10483551025390625,0
800.3323321342468,0.8585151550292969,-0.10000000000002274,17.615871689453122,0.10483551025390625,0
800.3373303413391,0.9264503356933593,-0.08000000000004093,17.609706223144528,0.09720611572265625,0
800.342530965805,0.9667976257324218,-0.08000000000004093,17.446321365966796,0.12009429931640625,0
800.3484978675842,1.0174903747558592,-0.01999999999998181,17.609706223144528,0.12009429931640625,0
800.352189540863,1.0257667419433594,0.0,17.68677455200195,0.10483551025390625,0
800.357191324234,1.0536994812011717,0.01999999999998181,17.504893295898437,0.12009429931640625,0
800.3624973297119,1.0533546325683594,-0.10000000000002274,18.08136439575195,0.12009429931640625,0
800.3765275478363,0.9050697204589844,-0.05999999999994543,17.396997635498046,0.10483551025390625,0
800.4091942310333,0.9550727722167969,-0.05999999999994543,17.400080368652343,0.10483551025390625,0
800.427499294281,0.8829994079589844,-0.08000000000004093,17.43090770019531,0.12009429931640625,0
800.4335336685181,0.8961036560058593,-0.01999999999998181,17.615871689453122,0.10483551025390625,0
800.437578201294,0.8012702819824219,-0.05999999999994543,17.594292557373045,0.10483551025390625,0
800.4434912204742,0.6457435485839843,-0.17999999999994998,17.406245834960934,0.09720611572265625,0
800.4475507736206,0.6202247497558594,-0.13999999999998636,17.643616287841795,0.12009429931640625,0
800.4530317783356,0.7140235778808594,-0.08000000000004093,17.63128535522461,0.10483551025390625,0
800.4584913253784,0.7657508728027344,-0.05999999999994543,17.50797602905273,0.12772369384765625,0
800.4622297286987,0.7895454284667969,-0.01999999999998181,18.303321182861325,0.12772369384765625,0
800.4668710231781,0.8471351501464843,-0.01999999999998181,17.66827815307617,0.10483551025390625,0
800.4734966754913,0.8788612243652343,-0.10000000000002274,17.50797602905273,0.12772369384765625,0
800.4856097698212,0.8926551696777343,0.08000000000004093,17.646699020996092,0.12009429931640625,0
800.5156292915344,0.8419624206542968,-0.03999999999996362,17.58812709106445,0.12009429931640625,0
800.5336408615112,0.9426582214355468,0.03999999999996362,17.606623489990234,0.12772369384765625,0
800.5366427898407,1.0112830993652342,-0.05999999999994543,17.58196162475586,0.12772369384765625,0
800.5416512489319,1.0433540222167967,-0.10000000000002274,17.427824967041015,0.10483551025390625,0
800.5475862026215,1.0250770446777344,-0.10000000000002274,17.594292557373045,0.10483551025390625,0
800.5536439418793,1.0130073425292967,-0.10000000000002274,17.603540756835937,0.10483551025390625,0
800.556646823883,1.0195594665527343,0.05999999999994543,17.486396896972654,0.09720611572265625,0
800.5626499652863,0.9716255065917968,0.0,18.247831986083984,0.10483551025390625,0
800.566653251648,0.9061042663574218,0.01999999999998181,17.63128535522461,0.10483551025390625,0
800.572333574295,0.8374793884277344,-0.10000000000002274,17.51105876220703,0.14298248291015625,0
800.5775253772736,0.7847175476074219,-0.10000000000002274,17.400080368652343,0.12772369384765625,0
800.5827536582947,0.8295478698730469,-0.08000000000004093,17.585044357910153,0.12772369384765625,0
800.5957720279694,0.9109321472167968,-0.17999999999994998,18.16151545776367,0.10483551025390625,0
800.6257960796356,1.1174964782714842,0.0,17.356922104492185,0.12009429931640625,0
800.6438791751862,1.0695625183105468,-0.08000000000004093,17.403163101806637,0.10483551025390625,0
800.6483254432678,1.0143867370605468,0.08000000000004093,17.563465225830075,0.12772369384765625,0
800.6523404121399,0.9595558044433593,-0.13999999999998636,17.64978175415039,0.13535308837890625,0
800.6567642688751,0.9164497253417968,0.03999999999996362,17.46173503173828,0.10483551025390625,0
800.6625332832336,0.9274848815917969,-0.10000000000002274,18.266328385009764,0.10483551025390625,0
800.6679108142853,0.9361060974121094,-0.05999999999994543,17.665195419921872,0.12772369384765625,0
800.6729271411896,0.9723152038574219,0.0,17.464817764892576,0.13535308837890625,0
800.6780183315277,1.0130073425292967,0.0,18.118357193603515,0.12009429931640625,0
800.6832077503204,1.0285255310058594,0.03999999999996362,17.563465225830075,0.13535308837890625,0
800.6871991157532,1.0764594909667968,0.05999999999994543,17.544968826904295,0.13535308837890625,0
800.7015280723572,1.1195655700683593,-0.05999999999994543,17.671360886230467,0.10483551025390625,0
800.7314896583557,0.9371406433105468,-0.03999999999996362,17.544968826904295,0.13535308837890625,0
800.749575138092,0.9757636901855469,-0.12000000000000455,17.529555161132812,0.12009429931640625,0
800.7532098293304,0.9785224792480468,-0.12000000000000455,17.535720627441403,0.12009429931640625,0
800.7572922706604,1.0357673522949218,-0.03999999999996362,17.418576767578124,0.13535308837890625,0
800.7623157501221,1.0423194763183594,-0.03999999999996362,18.306403916015622,0.12009429931640625,0
800.7675704956055,1.0740455505371094,-0.01999999999998181,17.560382492675778,0.13535308837890625,0
800.773434638977,1.1495674011230468,0.03999999999996362,17.41241130126953,0.12772369384765625,0
800.7773714065552,1.1426704284667968,-0.08000000000004093,17.338425705566404,0.12772369384765625,0
800.7825796604156,1.1550849792480469,-0.05999999999994543,17.51105876220703,0.12772369384765625,0
800.7879383563995,1.2243995544433592,-0.03999999999996362,17.4432386328125,0.15061187744140625,0
800.7924947738647,1.1733619567871094,-0.13999999999998636,17.37233577026367,0.12772369384765625,0
800.7974882125854,1.1133582946777343,-0.13999999999998636,17.554217026367187,0.12009429931640625,0
800.818222284317,0.9095527526855468,-0.10000000000002274,17.625119888916014,0.12772369384765625,0
800.8454320430756,1.0771491882324218,-0.08000000000004093,18.247831986083984,0.12772369384765625,0
800.858820438385,0.9854194519042968,-0.08000000000004093,17.356922104492185,0.12009429931640625,0
800.8618249893188,0.9667976257324218,-0.05999999999994543,18.3279830480957,0.10483551025390625,0
800.8674428462982,0.8357551452636719,-0.10000000000002274,17.625119888916014,0.12009429931640625,0
800.872406244278,0.7154029724121094,0.08000000000004093,17.50797602905273,0.12009429931640625,0
800.8774182796478,0.7954078552246093,0.08000000000004093,17.400080368652343,0.10483551025390625,0
800.8824303150177,0.9030006286621093,-0.05999999999994543,17.594292557373045,0.12009429931640625,0
800.8874447345734,0.8343757507324219,-0.12000000000000455,17.594292557373045,0.10483551025390625,0
800.8925778865814,0.9288642761230468,-0.08000000000004093,17.449404099121093,0.09720611572265625,0
800.8974931240082,0.9743842956542969,-0.03999999999996362,17.615871689453122,0.12772369384765625,0
800.9024708271027,0.8550666687011719,-0.15999999999996817,17.68677455200195,0.12009429931640625,0
800.9074828624725,0.8533424255371094,-0.12000000000000455,17.50797602905273,0.10483551025390625,0
800.9124822616577,0.7936836120605468,-0.03999999999996362,18.472871506347655,0.12009429931640625,0
800.9264924526215,0.7029884216308594,-0.03999999999996362,17.39083216918945,0.10483551025390625,0
800.9556877613068,1.0147315856933592,0.0,17.523389694824218,0.12009429931640625,0
800.9737045764923,0.8585151550292969,-0.03999999999996362,17.50181056274414,0.12772369384765625,0
800.9785349369049,0.7478187438964844,-0.13999999999998636,18.124522659912106,0.09720611572265625,0
800.9817492961884,0.6660896179199218,-0.03999999999996362,17.606623489990234,0.10483551025390625,0
800.9867010116577,0.7195411560058593,0.0,17.594292557373045,0.14298248291015625,0
800.9925770759583,0.7671302673339844,-0.12000000000000455,17.45865229858398,0.12009429931640625,0
800.9984862804413,0.8123054382324219,-0.08000000000004093,17.597375290527342,0.10483551025390625,0
801.0018854141235,0.8919654724121093,-0.15999999999996817,17.67752635253906,0.09720611572265625,0
801.0067529678345,0.9395545837402344,-0.15999999999996817,17.50797602905273,0.10483551025390625,0
801.0117416381836,0.9574867126464843,-0.12000000000000455,18.133770859374998,0.10483551025390625,0
801.0175867080688,0.9826606628417969,-0.08000000000004093,17.652864487304686,0.12009429931640625,0
801.0224423408508,0.9926612731933593,-0.03999999999996362,17.52030696166992,0.09720611572265625,0
801.0357875823975,0.8009254333496093,-0.15999999999996817,17.64978175415039,0.12009429931640625,0
801.0675203800201,1.0288703796386718,-0.15999999999996817,17.69910548461914,0.09720611572265625,0
801.0855374336243,0.8705848571777344,-0.13999999999998636,17.736098282470703,0.10483551025390625,0
801.0895397663116,0.7750617858886718,-0.05999999999994543,17.544968826904295,0.10483551025390625,0
801.0935432910919,0.7605781433105469,-0.08000000000004093,17.406245834960934,0.12772369384765625,0
801.0969624519348,0.8302375671386718,-0.08000000000004093,17.634368088378903,0.10483551025390625,0
801.1029794216156,0.8681709167480468,-0.03999999999996362,17.625119888916014,0.10483551025390625,0
801.107928276062,0.8805854675292968,-0.12000000000000455,17.495645096435545,0.10483551025390625,0
801.1129455566406,0.9392097351074218,-0.08000000000004093,17.736098282470703,0.10483551025390625,0
801.1179666519165,0.9692115661621094,-0.03999999999996362,17.71760188354492,0.12009429931640625,0
801.1235339641571,0.9905921813964843,-0.01999999999998181,17.51105876220703,0.10483551025390625,0
801.1274909973145,1.0064552185058593,-0.01999999999998181,17.42165950073242,0.12009429931640625,0
801.1475074291229,1.0774940368652344,-0.10000000000002274,17.603540756835937,0.12772369384765625,0
801.1795299053192,0.8740333435058594,-0.08000000000004093,18.01662699951172,0.09720611572265625,0
801.1885361671448,0.8371345397949218,0.0,17.535720627441403,0.09720611572265625,0
801.1924867630005,0.9095527526855468,0.01999999999998181,17.433990433349607,0.09720611572265625,0
801.1975088119507,0.9074836608886718,-0.08000000000004093,17.603540756835937,0.09720611572265625,0
801.2025263309479,0.9416236755371094,-0.05999999999994543,17.609706223144528,0.12772369384765625,0
801.206625699997,0.9561073181152343,-0.03999999999996362,17.495645096435545,0.12009429931640625,0
801.2125699520111,0.9543830749511718,-0.03999999999996362,18.18001185668945,0.12009429931640625,0
801.2175741195679,1.0023170349121093,-0.01999999999998181,17.6374508215332,0.10483551025390625,0
801.2226192951202,1.0271461364746093,0.0,17.526472427978515,0.12772369384765625,0
801.2275941371918,0.9999030944824219,-0.13999999999998636,17.40932856811523,0.12772369384765625,0
801.2336049079895,0.9747291442871093,-0.10000000000002274,17.603540756835937,0.08957672119140625,0
801.2375936508179,0.9133460876464843,0.05999999999994543,17.591209824218748,0.09720611572265625,0
801.2516031265259,0.6447090026855469,0.05999999999994543,17.72685008300781,0.10483551025390625,0
801.2814900875092,0.7919593688964843,-0.05999999999994543,17.591209824218748,0.12009429931640625,0
801.2991940975189,0.8809303161621094,-0.12000000000000455,17.594292557373045,0.12009429931640625,0
801.3031320571899,0.9150703308105468,0.03999999999996362,17.603540756835937,0.13535308837890625,0
801.3082683086395,0.8864478942871094,0.03999999999996362,17.47098323120117,0.10483551025390625,0
801.312281370163,0.8926551696777343,-0.03999999999996362,18.540691635742185,0.10483551025390625,0
801.31747174263,0.9588661071777344,-0.01999999999998181,17.634368088378903,0.12772369384765625,0
801.3225240707397,0.9416236755371094,-0.01999999999998181,17.504893295898437,0.12009429931640625,0
801.3275277614594,0.9119666931152344,-0.15999999999996817,17.406245834960934,0.12772369384765625,0
801.3325235843658,0.9323127624511718,-0.15999999999996817,17.58812709106445,0.09720611572265625,0
801.338488817215,0.9309333679199219,-0.12000000000000455,17.50797602905273,0.10483551025390625,0
801.3425006866455,0.9009315368652343,-0.10000000000002274,17.424742233886718,0.12009429931640625,0
801.3559510707855,0.7992011901855468,-0.08000000000004093,17.492562363281248,0.12009429931640625,0
801.3869783878326,0.8585151550292969,-0.05999999999994543,17.58196162475586,0.12009429931640625,0
801.4050109386444,0.9805915710449218,-0.15999999999996817,17.504893295898437,0.09720611572265625,0
801.4084813594818,1.0012824890136718,-0.01999999999998181,17.48023143066406,0.13535308837890625,0
801.4122002124786,0.9943855163574218,0.01999999999998181,18.432795975341794,0.12009429931640625,0
801.4174823760986,0.9909370300292968,-0.12000000000000455,17.62820262207031,0.10483551025390625,0
801.4234929084778,1.026801287841797,-0.12000000000000455,17.48947963012695,0.09720611572265625,0
801.4273216724396,1.0285255310058594,-0.08000000000004093,17.396997635498046,0.13535308837890625,0
801.4324893951416,1.0154212829589844,-0.05999999999994543,17.572713425292967,0.12772369384765625,0
801.4366114139557,1.0009376403808592,-0.03999999999996362,17.56963069213867,0.12009429931640625,0
801.442097902298,0.9578315612792968,-0.01999999999998181,17.43090770019531,0.10483551025390625,0
801.4485204219818,0.9171394226074219,-0.01999999999998181,17.572713425292967,0.13535308837890625,0
801.4526169300079,0.8912757751464844,-0.15999999999996817,17.655947220458984,0.12009429931640625,0
801.4575912952423,0.8302375671386718,-0.13999999999998636,17.48023143066406,0.12009429931640625,0
801.4774820804596,0.7485084411621094,-0.12000000000000455,17.384666702880857,0.12772369384765625,0
801.5032043457031,0.8692054626464844,-0.10000000000002274,17.572713425292967,0.10483551025390625,0
801.5175819396973,0.9333473083496093,-0.17999999999994998,17.597375290527342,0.12772369384765625,0
801.5224871635437,0.9626594421386718,-0.05999999999994543,17.47098323120117,0.12772369384765625,0
801.5266191959381,0.9654182312011719,-0.01999999999998181,17.366170303955077,0.12772369384765625,0
801.5318677425385,0.9423133728027343,-0.01999999999998181,17.554217026367187,0.13535308837890625,0
801.5385205745697,0.9999030944824219,-0.15999999999996817,17.474065964355468,0.08957672119140625,0
801.5422761440277,0.9809364196777344,0.01999999999998181,17.41241130126953,0.12772369384765625,0
801.5473906993866,0.9847297546386719,0.01999999999998181,17.563465225830075,0.12009429931640625,0
801.5526583194733,0.9788673278808593,0.01999999999998181,17.6374508215332,0.09720611572265625,0
801.5566585063934,0.9985236999511719,-0.10000000000002274,17.45865229858398,0.10483551025390625,0
801.561772108078,1.0009376403808592,-0.08000000000004093,18.059785263671873,0.10483551025390625,0
801.5765111446381,0.9354164001464843,-0.08000000000004093,17.344591171875,0.12772369384765625,0
801.6072080135345,0.7719581481933594,-0.08000000000004093,17.45248683227539,0.12772369384765625,0
801.6442325115204,0.8850684997558593,-0.01999999999998181,17.39083216918945,0.12772369384765625,0
801.6482388973236,0.9016212341308594,-0.10000000000002274,17.544968826904295,0.12009429931640625,0
801.651992559433,0.9305885192871093,-0.08000000000004093,17.6374508215332,0.10483551025390625,0
801.6581978797913,0.9723152038574219,-0.08000000000004093,17.449404099121093,0.13535308837890625,0
801.6625664234161,0.9585212585449219,0.08000000000004093,18.244749252929687,0.12772369384765625,0
801.6682393550873,0.9647285339355468,0.08000000000004093,17.662112686767575,0.12772369384765625,0
801.6724858283997,0.9264503356933593,-0.01999999999998181,17.48023143066406,0.14298248291015625,0
801.6774950027466,0.8516181823730469,-0.12000000000000455,17.36308757080078,0.12772369384765625,0
801.6963269710541,0.8574806091308593,-0.10000000000002274,18.158432724609373,0.12772369384765625,0
801.7383646965027,1.1823280212402343,-0.05999999999994543,17.464817764892576,0.09720611572265625,0
801.7563724517822,0.9643836853027343,-0.08000000000004093,17.4432386328125,0.12009429931640625,0
801.7594783306122,0.9171394226074219,-0.08000000000004093,17.350756638183594,0.10483551025390625,0
801.7644848823547,1.0226631042480467,0.03999999999996362,17.548051560058592,0.12009429931640625,0
801.7685008049011,1.092322528076172,0.03999999999996362,17.655947220458984,0.12772369384765625,0
801.7722008228302,1.0433540222167967,-0.05999999999994543,17.464817764892576,0.12009429931640625,0
801.7772648334503,1.0402503845214843,-0.03999999999996362,17.369253037109374,0.10483551025390625,0
801.7824461460114,1.1364631530761717,-0.03999999999996362,17.554217026367187,0.12772369384765625,0
801.7876343727112,1.1040473815917968,0.0,17.544968826904295,0.09720611572265625,0
801.8084824085236,1.0243873474121092,-0.12000000000000455,17.47098323120117,0.10483551025390625,0
801.8402066230774,0.9716255065917968,-0.10000000000002274,17.50181056274414,0.10483551025390625,0
801.8492126464844,1.0316291687011718,-0.12000000000000455,17.612788956298825,0.12772369384765625,0
801.8518166542053,1.0109382507324218,-0.05999999999994543,17.68677455200195,0.12009429931640625,0
801.8574950695038,1.0319740173339844,-0.17999999999994998,17.50797602905273,0.12772369384765625,0
801.8621964454651,0.9674873229980469,0.0,18.568436234130857,0.10483551025390625,0
801.867433309555,0.7957527038574218,0.0,17.64978175415039,0.10483551025390625,0
801.8724339008331,0.6709174987792969,-0.13999999999998636,17.535720627441403,0.12772369384765625,0
801.877206325531,0.6712623474121093,-0.05999999999994543,17.42165950073242,0.12009429931640625,0
801.882276058197,0.7619575378417969,-0.17999999999994998,17.603540756835937,0.09720611572265625,0
801.8873815536499,0.8147193786621093,0.01999999999998181,17.594292557373045,0.12009429931640625,0
801.8924767971039,0.8212715026855468,-0.10000000000002274,17.48023143066406,0.10483551025390625,0
801.9129331111908,1.0050758239746094,-0.05999999999994543,17.930310471191405,0.09720611572265625,0
801.9419500827789,0.8488593933105468,-0.05999999999994543,17.449404099121093,0.12009429931640625,0
801.9560627937317,0.9519691345214844,-0.03999999999996362,17.50797602905273,0.09720611572265625,0
801.959189414978,0.9781776306152343,0.01999999999998181,17.40932856811523,0.12772369384765625,0
801.962197303772,0.9574867126464843,-0.20000000000004547,18.29099025024414,0.10483551025390625,0
801.9674386978149,0.9812812683105469,-0.20000000000004547,17.62820262207031,0.12772369384765625,0
801.972461938858,0.9954200622558593,-0.01999999999998181,17.523389694824218,0.10483551025390625,0
801.9774971008301,0.9178291198730468,0.01999999999998181,17.41241130126953,0.10483551025390625,0
801.9820055961609,0.8492042419433593,-0.08000000000004093,17.594292557373045,0.10483551025390625,0
801.9875657558441,0.7936836120605468,-0.08000000000004093,17.603540756835937,0.12772369384765625,0
801.9930534362793,0.7133338806152344,-0.05999999999994543,17.406245834960934,0.09720611572265625,0
801.9984748363495,0.7140235778808594,0.01999999999998181,17.609706223144528,0.09720611572265625,0
802.002044916153,0.7843726989746094,-0.08000000000004093,17.689857285156247,0.10483551025390625,0
802.0284826755524,0.8705848571777344,-0.22000000000002728,18.201590988769528,0.09720611572265625,0
802.0813236236572,0.9654182312011719,-0.17999999999994998,17.597375290527342,0.12009429931640625,0
802.1054058074951,0.6243629333496094,0.0,17.541886093749998,0.10483551025390625,0
802.109498500824,0.6440193054199218,-0.08000000000004093,17.42165950073242,0.12009429931640625,0
802.1133549213409,0.7478187438964844,-0.05999999999994543,18.001213333740232,0.09720611572265625,0
802.1314241886139,0.9336921569824218,-0.05999999999994543,17.606623489990234,0.12772369384765625,0
802.1734473705292,0.8454109069824218,-0.03999999999996362,17.52030696166992,0.10483551025390625,0
802.1924772262573,1.0423194763183594,-0.01999999999998181,17.446321365966796,0.12009429931640625,0
802.1954252719879,1.0099037048339843,-0.13999999999998636,18.235501053466795,0.12009429931640625,0
802.198424577713,0.9602455017089844,-0.01999999999998181,17.58812709106445,0.12772369384765625,0
802.2024259567261,0.8967933532714844,0.01999999999998181,17.66827815307617,0.10483551025390625,0
802.2074272632599,0.8254096862792969,0.01999999999998181,17.495645096435545,0.12009429931640625,0
802.2124872207642,0.7860969421386719,-0.08000000000004093,18.284824783935544,0.10483551025390625,0
802.2174248695374,0.8278236267089844,-0.05999999999994543,17.62820262207031,0.10483551025390625,0
802.2224934101105,0.9254157897949218,-0.15999999999996817,17.514141495361326,0.12009429931640625,0
802.2434813976288,1.0288703796386718,-0.12000000000000455,17.38158396972656,0.12772369384765625,0
802.2706153392792,0.7281623718261718,-0.12000000000000455,17.58812709106445,0.12009429931640625,0
802.2846257686615,0.8378242370605469,-0.08000000000004093,17.66827815307617,0.13535308837890625,0
802.287841796875,0.9233466979980468,-0.20000000000004547,17.504893295898437,0.12009429931640625,0
802.2924926280975,0.9585212585449219,-0.08000000000004093,17.42165950073242,0.12009429931640625,0
802.2974801063538,0.9130012390136718,-0.08000000000004093,17.58812709106445,0.12772369384765625,0
802.3019003868103,0.9785224792480468,-0.20000000000004547,17.64978175415039,0.10483551025390625,0
802.3084270954132,0.9771430847167968,-0.15999999999996817,17.45248683227539,0.12009429931640625,0
802.3125700950623,0.8923103210449218,-0.12000000000000455,18.01354426635742,0.12009429931640625,0
802.3170311450958,0.8129951354980468,-0.08000000000004093,17.615871689453122,0.10483551025390625,0
802.3235211372375,0.7619575378417969,-0.08000000000004093,17.47098323120117,0.12009429931640625,0
802.3269293308258,0.7250587341308593,-0.17999999999994998,17.396997635498046,0.10483551025390625,0
802.3334844112396,0.7726478454589844,-0.13999999999998636,17.572713425292967,0.14298248291015625,0
802.3464813232422,0.8509284851074218,-0.10000000000002274,17.896400406494138,0.10483551025390625,0
802.3765113353729,0.6950569030761719,-0.05999999999994543,17.3415084387207,0.10483551025390625,0
802.3950445652008,0.7923042175292968,-0.13999999999998636,17.868655808105466,0.10483551025390625,0
802.3991975784302,0.7964424011230469,-0.05999999999994543,17.55113429321289,0.13535308837890625,0
802.4034540653229,0.8905860778808593,-0.08000000000004093,17.560382492675778,0.12772369384765625,0
802.4074566364288,0.9695564147949218,-0.20000000000004547,17.449404099121093,0.10483551025390625,0
802.4125819206238,0.9164497253417968,-0.20000000000004547,17.970386002197262,0.12772369384765625,0
802.417475938797,1.0285255310058594,-0.01999999999998181,17.575796158447265,0.12009429931640625,0
802.4219641685486,1.0236976501464843,0.03999999999996362,17.467900498046873,0.12009429931640625,0
802.4280202388763,0.9488654968261718,-0.08000000000004093,17.92414500488281,0.12009429931640625,0
802.433176279068,0.8805854675292968,-0.03999999999996362,17.548051560058592,0.12009429931640625,0
802.4382038116455,0.8092018005371093,-0.01999999999998181,17.486396896972654,0.12009429931640625,0
802.4553291797638,0.8357551452636719,-0.01999999999998181,17.486396896972654,0.10483551025390625,0
802.5214955806732,0.9367957946777343,-0.13999999999998636,17.560382492675778,0.10483551025390625,0
802.5484924316406,0.7271278259277344,-0.12000000000000455,17.594292557373045,0.12009429931640625,0
802.5521984100342,0.7619575378417969,-0.08000000000004093,17.69602275146484,0.13535308837890625,0
802.5732083320618,0.9461067077636718,-0.08000000000004093,17.514141495361326,0.09720611572265625,0
802.6312499046326,0.9236915466308593,-0.03999999999996362,17.591209824218748,0.10483551025390625,0
802.657470703125,1.0792182800292969,-0.03999999999996362,17.492562363281248,0.12772369384765625,0
802.6775391101837,0.8447212097167969,-0.15999999999996817,17.427824967041015,0.08957672119140625,0
802.7225704193115,0.7505775329589843,-0.15999999999996817,17.544968826904295,0.12009429931640625,0
802.7404675483704,0.7943733093261719,-0.03999999999996362,17.523389694824218,0.10483551025390625,0
802.7436099052429,0.8081672546386719,-0.13999999999998636,17.4401558996582,0.12009429931640625,0
802.7477383613586,0.8185127136230469,-0.10000000000002274,17.606623489990234,0.09720611572265625,0
802.7516505718231,0.9009315368652343,-0.10000000000002274,17.69602275146484,0.12009429931640625,0
802.756742477417,0.9257606384277344,-0.05999999999994543,17.51105876220703,0.12009429931640625,0
802.7622079849243,0.8788612243652343,-0.17999999999994998,18.30023844970703,0.12772369384765625,0
802.7675595283508,0.8629981872558593,-0.17999999999994998,17.6374508215332,0.13535308837890625,0
802.7722165584564,0.7671302673339844,-0.13999999999998636,17.529555161132812,0.10483551025390625,0
802.7925670146942,0.7647163269042968,-0.05999999999994543,17.46173503173828,0.09720611572265625,0
802.8235912322998,0.5240119812011719,-0.15999999999996817,17.50797602905273,0.12772369384765625,0
802.8325951099396,0.7798896667480468,-0.12000000000000455,17.606623489990234,0.09720611572265625,0
802.8375985622406,0.6988502380371093,-0.13999999999998636,17.603540756835937,0.14298248291015625,0
802.841714143753,0.8571357604980469,-0.05999999999994543,17.446321365966796,0.13535308837890625,0
802.8474831581116,0.9678321716308593,-0.15999999999996817,17.64978175415039,0.09720611572265625,0
802.8518197536469,0.8392036315917969,-0.10000000000002274,17.683691818847656,0.09720611572265625,0
802.8575594425201,0.7260932800292969,-0.05999999999994543,17.50797602905273,0.09720611572265625,0
802.8625776767731,0.6857459899902344,-0.05999999999994543,18.602346298828124,0.12772369384765625,0
802.8674767017365,0.8236854431152344,-0.10000000000002274,17.63128535522461,0.10483551025390625,0
802.8729174137115,0.9057594177246093,-0.20000000000004547,17.50181056274414,0.12772369384765625,0
802.8776667118073,0.9630042907714843,-0.13999999999998636,18.53452616943359,0.12009429931640625,0
802.882479429245,1.0895637390136719,-0.08000000000004093,17.594292557373045,0.12009429931640625,0
802.9075026512146,0.9167945739746093,-0.17999999999994998,17.486396896972654,0.12772369384765625,0
802.9660267829895,1.0861152526855469,-0.17999999999994998,17.575796158447265,0.12772369384765625,0
802.9880414009094,0.7012641784667969,-0.03999999999996362,17.504893295898437,0.12772369384765625,0
803.0040521621704,0.9416236755371094,-0.05999999999994543,17.523389694824218,0.13535308837890625,0
803.0434589385986,0.8919654724121093,0.0,17.319929306640624,0.08957672119140625,0
803.0654582977295,0.9781776306152343,-0.01999999999998181,17.560382492675778,0.12009429931640625,0
803.0689489841461,1.0316291687011718,-0.01999999999998181,17.646699020996092,0.12772369384765625,0
803.0719473361969,0.9785224792480468,-0.17999999999994998,17.492562363281248,0.10483551025390625,0
803.0784585475922,0.9543830749511718,-0.17999999999994998,18.38963771118164,0.12009429931640625,0
803.082457780838,0.9230018493652343,-0.13999999999998636,17.585044357910153,0.12009429931640625,0
803.0881791114807,0.8085121032714844,-0.08000000000004093,17.532637894287106,0.12009429931640625,0
803.0932483673096,0.6905738708496093,-0.20000000000004547,17.384666702880857,0.12772369384765625,0
803.1090738773346,0.8495490905761718,-0.13999999999998636,17.42165950073242,0.10483551025390625,0
803.1460976600647,0.6588477966308594,-0.10000000000002274,18.549939835205077,0.12772369384765625,0
803.1641097068787,0.9130012390136718,-0.13999999999998636,17.625119888916014,0.12009429931640625,0
803.1681125164032,1.0023170349121093,-0.12000000000000455,17.714519150390622,0.09720611572265625,0
803.1729502677917,1.0168006774902343,0.01999999999998181,17.523389694824218,0.09720611572265625,0
803.1769614219666,0.9916267272949219,-0.10000000000002274,17.42165950073242,0.10483551025390625,0
803.1819748878479,0.9830055114746094,-0.10000000000002274,17.603540756835937,0.12772369384765625,0
803.1869821548462,0.9223121520996094,-0.05999999999994543,17.603540756835937,0.12772369384765625,0
803.1919972896576,0.8412727233886719,-0.05999999999994543,17.474065964355468,0.13535308837890625,0
803.1984663009644,0.7505775329589843,-0.13999999999998636,17.603540756835937,0.10483551025390625,0
803.2020583152771,0.7212653991699218,-0.10000000000002274,17.69602275146484,0.10483551025390625,0
803.2081489562988,0.8343757507324219,-0.03999999999996362,17.48947963012695,0.12009429931640625,0
803.2291493415833,0.9985236999511719,-0.17999999999994998,18.57768443359375,0.10483551025390625,0
803.255163192749,1.0626655456542968,-0.12000000000000455,17.529555161132812,0.13535308837890625,0
803.2691760063171,0.9630042907714843,0.0,17.665195419921872,0.10483551025390625,0
803.272955417633,0.9326576110839844,-0.01999999999998181,17.504893295898437,0.12772369384765625,0
803.2781794071198,0.9216224548339843,-0.10000000000002274,18.217004654541014,0.10483551025390625,0
803.2824714183807,0.9119666931152344,-0.10000000000002274,17.609706223144528,0.12009429931640625,0
803.2874710559845,0.9130012390136718,-0.08000000000004093,17.594292557373045,0.10483551025390625,0
803.2922103404999,0.9461067077636718,-0.03999999999996362,17.474065964355468,0.12772369384765625,0
803.2972104549408,0.9561073181152343,-0.01999999999998181,17.665195419921872,0.12009429931640625,0
803.3022921085358,0.9926612731933593,0.01999999999998181,17.70835368408203,0.09720611572265625,0
803.3067765235901,1.0364570495605467,0.01999999999998181,17.529555161132812,0.10483551025390625,0
803.3122236728668,1.0592170593261718,-0.10000000000002274,18.420465042724608,0.12009429931640625,0
803.3172233104706,1.0650794860839843,-0.03999999999996362,17.652864487304686,0.10483551025390625,0
803.3372347354889,1.0478370544433593,-0.01999999999998181,17.615871689453122,0.10483551025390625,0
803.3692584037781,0.8943794128417968,-0.01999999999998181,17.683691818847656,0.10483551025390625,0
803.378258228302,0.9471412536621093,-0.05999999999994543,18.525277969970702,0.12009429931640625,0
803.3824882507324,0.9871436950683593,-0.17999999999994998,17.594292557373045,0.10483551025390625,0
803.3884980678558,1.0178352233886718,-0.13999999999998636,17.526472427978515,0.10483551025390625,0
803.3922429084778,1.0392158386230468,0.03999999999996362,17.45865229858398,0.09720611572265625,0
803.3972511291504,1.0540443298339843,0.03999999999996362,17.662112686767575,0.12009429931640625,0
803.4024648666382,1.0678382751464843,-0.08000000000004093,17.683691818847656,0.12772369384765625,0
803.4072005748749,1.0702522155761718,-0.03999999999996362,17.495645096435545,0.12009429931640625,0
803.4118285179138,1.0826667663574219,-0.17999999999994998,18.737986557617187,0.09720611572265625,0
803.4172286987305,1.0771491882324218,-0.01999999999998181,17.63128535522461,0.09720611572265625,0
803.4222321510315,1.0536994812011717,0.0,17.514141495361326,0.10483551025390625,0
803.4269258975983,1.0305946228027343,0.0,17.41241130126953,0.12009429931640625,0
803.4489541053772,0.5933265563964844,0.0,17.603540756835937,0.12009429931640625,0
803.476099729538,0.8761024353027344,-0.10000000000002274,17.396997635498046,0.12009429931640625,0
803.4901361465454,0.9371406433105468,-0.15999999999996817,17.51105876220703,0.10483551025390625,0
803.4941198825836,0.9423133728027343,-0.13999999999998636,17.424742233886718,0.12009429931640625,0
803.4981224536896,0.9198982116699218,-0.13999999999998636,17.597375290527342,0.12009429931640625,0
803.5033023357391,0.8836891052246093,-0.05999999999994543,17.625119888916014,0.12009429931640625,0
803.5074951648712,0.8416175720214844,-0.01999999999998181,17.50181056274414,0.10483551025390625,0
803.5118863582611,0.7305763122558594,-0.01999999999998181,18.725655624999998,0.08194732666015625,0
803.5179467201233,0.5233222839355469,-0.13999999999998636,17.72993281616211,0.12009429931640625,0
803.523469209671,0.6036720153808594,-0.08000000000004093,17.514141495361326,0.10483551025390625,0
803.5285060405731,0.6698829528808593,-0.08000000000004093,18.56535350097656,0.12009429931640625,0
803.533189535141,0.7088508483886719,-0.03999999999996362,17.606623489990234,0.12772369384765625,0
803.5464692115784,0.7805793640136719,-0.01999999999998181,18.472871506347655,0.09720611572265625,0
803.5775458812714,0.8740333435058594,0.0,17.403163101806637,0.10483551025390625,0
803.5952060222626,0.6485023376464844,-0.08000000000004093,18.392720444335936,0.12772369384765625,0
803.599249124527,0.6791938659667969,-0.05999999999994543,17.597375290527342,0.12772369384765625,0
803.6032528877258,0.7440254089355468,-0.10000000000002274,17.603540756835937,0.12772369384765625,0
803.6075520515442,0.7892005798339844,-0.08000000000004093,17.50181056274414,0.10483551025390625,0
803.6132965087891,0.7964424011230469,-0.08000000000004093,17.911814072265624,0.10483551025390625,0
803.6175560951233,0.8433418151855469,-0.05999999999994543,17.63128535522461,0.12772369384765625,0
803.6229543685913,0.9212776062011718,0.0,17.492562363281248,0.10483551025390625,0
803.628496170044,0.9316230651855468,-0.12000000000000455,18.4297132421875,0.10483551025390625,0
803.6319570541382,0.9674873229980469,-0.08000000000004093,17.58812709106445,0.12009429931640625,0
803.6379647254944,1.0033515808105469,-0.05999999999994543,17.52030696166992,0.08957672119140625,0
803.643486738205,0.9092079040527343,-0.13999999999998636,17.378501236572262,0.10483551025390625,0
803.6575634479523,0.6912635681152344,-0.13999999999998636,17.486396896972654,0.10483551025390625,0
803.6908800601959,1.0216285583496094,-0.10000000000002274,17.467900498046873,0.12772369384765625,0
803.7055938243866,0.7785102722167968,-0.13999999999998636,17.50797602905273,0.12009429931640625,0
803.7091698646545,0.7964424011230469,-0.01999999999998181,17.37233577026367,0.12009429931640625,0
803.7132577896118,0.9164497253417968,-0.01999999999998181,17.813166611328125,0.13535308837890625,0
803.7175281047821,0.9771430847167968,-0.20000000000004547,17.603540756835937,0.12009429931640625,0
803.7216763496399,0.9505897399902343,-0.10000000000002274,17.486396896972654,0.13535308837890625,0
803.7274625301361,1.0812873718261717,-0.05999999999994543,17.38158396972656,0.12009429931640625,0
803.7327883243561,1.0585273620605469,-0.05999999999994543,17.575796158447265,0.13535308837890625,0
803.736686706543,0.9799018737792968,-0.13999999999998636,17.56963069213867,0.10483551025390625,0
803.7424883842468,0.9481757995605469,-0.08000000000004093,17.400080368652343,0.14298248291015625,0
803.7479820251465,0.8961036560058593,-0.05999999999994543,17.55113429321289,0.13535308837890625,0
803.7535090446472,0.8871375915527343,-0.15999999999996817,17.560382492675778,0.12009429931640625,0
803.7665603160858,1.0216285583496094,-0.10000000000002274,17.563465225830075,0.13535308837890625,0
803.7965850830078,1.0564582702636718,-0.05999999999994543,17.853242142333983,0.12009429931640625,0
803.814594745636,1.1133582946777343,-0.08000000000004093,17.535720627441403,0.12772369384765625,0
803.8176503181458,1.1112892028808594,-0.13999999999998636,17.655947220458984,0.12772369384765625,0
803.8226568698883,1.1116340515136718,-0.12000000000000455,17.486396896972654,0.12009429931640625,0
803.8266642093658,1.1088752624511717,-0.12000000000000455,17.384666702880857,0.12772369384765625,0
803.8317461013794,1.0519752380371092,-0.05999999999994543,17.572713425292967,0.10483551025390625,0
803.836835861206,0.8740333435058594,-0.01999999999998181,17.58196162475586,0.12009429931640625,0
803.8418810367584,0.7295417663574219,-0.12000000000000455,17.46173503173828,0.12772369384765625,0
803.8484969139099,0.7367835876464843,-0.08000000000004093,17.594292557373045,0.12009429931640625,0
803.8525009155273,0.9002418395996094,-0.10000000000002274,17.68677455200195,0.10483551025390625,0
803.8575024604797,0.9312782165527344,-0.10000000000002274,17.51105876220703,0.10483551025390625,0
803.8634519577026,0.9119666931152344,-0.05999999999994543,17.70835368408203,0.13535308837890625,0
803.8675661087036,0.9723152038574219,-0.13999999999998636,17.652864487304686,0.08957672119140625,0
803.887592792511,0.9961097595214843,-0.08000000000004093,17.625119888916014,0.09720611572265625,0
803.9189994335175,0.9174842712402344,-0.20000000000004547,17.705270950927734,0.12009429931640625,0
803.9267566204071,0.8416175720214844,-0.2599999999999909,17.4432386328125,0.10483551025390625,0
803.9319880008698,0.7778205749511719,-0.12000000000000455,17.63128535522461,0.09720611572265625,0
803.9379892349243,0.7398872253417969,-0.15999999999996817,17.566547958984373,0.10483551025390625,0
803.9429874420166,0.8105811950683594,-0.13999999999998636,17.41241130126953,0.10483551025390625,0
803.9485011100769,0.9440376159667968,-0.13999999999998636,17.63128535522461,0.10483551025390625,0
803.952198266983,0.9867988464355468,-0.22000000000002728,17.71760188354492,0.09720611572265625,0
803.9572012424469,0.8867927429199218,-0.13999999999998636,17.548051560058592,0.10483551025390625,0
803.962456703186,0.7726478454589844,-0.2400000000000091,18.04437159790039,0.08957672119140625,0
803.9674534797668,0.6722968933105469,-0.15999999999996817,17.683691818847656,0.09720611572265625,0
803.9814350605011,0.9416236755371094,-0.15999999999996817,17.625119888916014,0.12009429931640625,0
804.0109975337982,1.0654243347167969,-0.15999999999996817,17.594292557373045,0.09720611572265625,0
804.029016494751,0.9847297546386719,-0.12000000000000455,17.94264140380859,0.09720611572265625,0
804.0328884124756,0.7467841979980469,-0.05999999999994543,17.646699020996092,0.10483551025390625,0
804.0378804206848,0.6967811462402344,-0.05999999999994543,17.55113429321289,0.10483551025390625,0
804.0418705940247,0.8743781921386719,-0.15999999999996817,17.48947963012695,0.12772369384765625,0
804.0469172000885,1.0292152282714844,-0.20000000000004547,17.625119888916014,0.12009429931640625,0
804.0529289245605,0.8692054626464844,-0.13999999999998636,17.62820262207031,0.10483551025390625,0
804.0584583282471,0.9219673034667968,-0.08000000000004093,17.504893295898437,0.10483551025390625,0
804.0624942779541,0.9033454772949219,-0.01999999999998181,18.118357193603515,0.08957672119140625,0
804.0680067539215,0.6805732604980469,-0.01999999999998181,17.72993281616211,0.12009429931640625,0
804.0729598999023,0.7591987487792968,-0.05999999999994543,17.523389694824218,0.10483551025390625,0
804.0780465602875,1.0126624938964843,-0.12000000000000455,17.98271693481445,0.12009429931640625,0
804.0910756587982,1.0654243347167969,-0.05999999999994543,17.492562363281248,0.09720611572265625,0
804.1215469837189,1.0326637145996094,-0.15999999999996817,17.529555161132812,0.12772369384765625,0
804.1388494968414,0.7319557067871093,-0.15999999999996817,17.50797602905273,0.12772369384765625,0
804.1431810855865,0.7895454284667969,0.03999999999996362,17.369253037109374,0.12772369384765625,0
804.1472764015198,0.9436927673339843,-0.05999999999994543,17.622037155761717,0.10483551025390625,0
804.1518247127533,1.0450782653808592,-0.05999999999994543,17.67752635253906,0.10483551025390625,0
804.1568307876587,0.9464515563964844,-0.17999999999994998,17.486396896972654,0.12772369384765625,0
804.1622362136841,0.9840400573730468,-0.08000000000004093,18.306403916015622,0.12009429931640625,0
804.1684648990631,0.8905860778808593,-0.15999999999996817,17.68677455200195,0.12009429931640625,0
804.1732277870178,0.7485084411621094,-0.10000000000002274,17.486396896972654,0.12009429931640625,0
804.1769087314606,0.7747169372558593,-0.20000000000004547,17.39083216918945,0.12009429931640625,0
804.1825540065765,0.9805915710449218,-0.20000000000004547,17.566547958984373,0.12772369384765625,0
804.1872916221619,0.9981788513183594,-0.13999999999998636,17.55113429321289,0.12772369384765625,0
804.2173900604248,1.0430091735839844,-0.03999999999996362,17.594292557373045,0.09720611572265625,0
804.2754545211792,0.8878272888183594,-0.15999999999996817,17.48023143066406,0.12772369384765625,0
804.300849199295,1.1019782897949217,-0.05999999999994543,17.714519150390622,0.09720611572265625,0
804.3208711147308,0.9005866882324218,-0.03999999999996362,17.560382492675778,0.09720611572265625,0
804.3667242527008,1.1685340759277343,0.0,17.64978175415039,0.10483551025390625,0
804.3847432136536,0.8060981628417968,-0.01999999999998181,17.71760188354492,0.12009429931640625,0
804.3878128528595,0.7474738952636718,-0.03999999999996362,17.55113429321289,0.12772369384765625,0
804.3918178081512,0.7619575378417969,-0.03999999999996362,17.46173503173828,0.09720611572265625,0
804.3972020149231,0.9195533630371093,-0.03999999999996362,17.6374508215332,0.10483551025390625,0
804.4018068313599,0.9692115661621094,-0.20000000000004547,17.689857285156247,0.12009429931640625,0
804.4067599773407,0.9847297546386719,-0.10000000000002274,17.51105876220703,0.09720611572265625,0
804.4118213653564,1.1019782897949217,-0.05999999999994543,18.48520243896484,0.12009429931640625,0
804.4328451156616,0.8602393981933594,-0.17999999999994998,17.615871689453122,0.10483551025390625,0
804.4605298042297,1.0478370544433593,-0.17999999999994998,17.418576767578124,0.10483551025390625,0
804.4738230705261,0.7947181579589844,-0.10000000000002274,17.529555161132812,0.09720611572265625,0
804.4784605503082,0.6829872009277344,-0.20000000000004547,18.30948664916992,0.12772369384765625,0
804.4822022914886,0.7022987243652343,-0.22000000000002728,17.6374508215332,0.09720611572265625,0
804.4875264167786,0.8698951599121093,-0.22000000000002728,17.615871689453122,0.08957672119140625,0
804.4933390617371,0.9467964050292969,-0.13999999999998636,17.40932856811523,0.14298248291015625,0
804.4975054264069,0.9119666931152344,-0.08000000000004093,17.64978175415039,0.12009429931640625,0
804.5029439926147,1.0340431091308593,-0.17999999999994998,17.63128535522461,0.09720611572265625,0
804.5079500675201,0.9309333679199219,0.01999999999998181,17.50181056274414,0.10483551025390625,0
804.5131316184998,0.8181678649902343,-0.22000000000002728,17.96422053588867,0.10483551025390625,0
804.5267961025238,0.8095466491699218,-0.22000000000002728,17.43090770019531,0.12009429931640625,0
804.5570178031921,0.9916267272949219,-0.12000000000000455,17.504893295898437,0.12772369384765625,0
804.5760548114777,0.8629981872558593,-0.15999999999996817,17.400080368652343,0.10483551025390625,0
804.5805261135101,0.8057533142089843,-0.13999999999998636,17.711436417236325,0.09720611572265625,0
804.583860874176,0.6860908386230469,-0.20000000000004547,17.711436417236325,0.08957672119140625,0
804.5888586044312,0.6450538513183594,-0.20000000000004547,17.529555161132812,0.12009429931640625,0
804.5933692455292,0.7502326843261719,-0.13999999999998636,17.400080368652343,0.14298248291015625,0
804.5979483127594,0.8243751403808594,-0.10000000000002274,17.594292557373045,0.10483551025390625,0
804.6029531955719,0.8319618103027343,-0.05999999999994543,17.615871689453122,0.12009429931640625,0
804.6083455085754,0.9057594177246093,-0.05999999999994543,17.486396896972654,0.12772369384765625,0
804.6118795871735,0.9802467224121093,0.0,18.217004654541014,0.12009429931640625,0
804.6181011199951,0.9792121765136719,0.01999999999998181,17.711436417236325,0.10483551025390625,0
804.6230075359344,0.9764533874511718,-0.10000000000002274,17.50797602905273,0.10483551025390625,0
804.6280212402344,1.0261115905761717,-0.08000000000004093,18.059785263671873,0.12009429931640625,0
804.642459154129,0.9192085144042969,-0.03999999999996362,17.45248683227539,0.14298248291015625,0
804.6730680465698,1.0464576599121094,-0.03999999999996362,17.50181056274414,0.10483551025390625,0
804.6915462017059,1.1868110534667968,-0.08000000000004093,17.486396896972654,0.12772369384765625,0
804.6953685283661,1.1571540710449217,-0.03999999999996362,18.460540573730466,0.10483551025390625,0
804.6990838050842,1.0902534362792968,-0.05999999999994543,17.606623489990234,0.09720611572265625,0
804.7030897140503,1.0347328063964842,-0.05999999999994543,17.609706223144528,0.09720611572265625,0
804.7083630561829,0.9264503356933593,-0.03999999999996362,17.486396896972654,0.12009429931640625,0
804.7123708724976,0.9047248718261718,0.01999999999998181,18.364975845947264,0.10483551025390625,0
804.7174673080444,0.9516242858886719,-0.10000000000002274,17.646699020996092,0.12009429931640625,0
804.7224555015564,1.0419746276855468,-0.17999999999994998,17.50797602905273,0.10483551025390625,0
804.7282030582428,1.0533546325683594,-0.17999999999994998,18.40505137695312,0.10483551025390625,0
804.7325744628906,1.1333595153808593,-0.13999999999998636,17.572713425292967,0.12009429931640625,0
804.7379465103149,1.1926734802246093,-0.10000000000002274,17.514141495361326,0.12772369384765625,0
804.7509438991547,1.0226631042480467,-0.05999999999994543,17.683691818847656,0.09720611572265625,0
804.7809631824493,1.0064552185058593,-0.17999999999994998,17.56963069213867,0.13535308837890625,0
804.7989802360535,0.8164436218261718,-0.08000000000004093,17.575796158447265,0.10483551025390625,0
804.8019771575928,0.7833381530761718,-0.08000000000004093,17.662112686767575,0.09720611572265625,0
804.8079862594604,0.9240363952636719,-0.08000000000004093,17.449404099121093,0.12772369384765625,0
804.813451051712,1.0643897888183593,-0.08000000000004093,17.79775294555664,0.12772369384765625,0
804.8172295093536,1.0236976501464843,-0.12000000000000455,17.606623489990234,0.10483551025390625,0
804.8225038051605,1.085425555419922,-0.05999999999994543,17.48947963012695,0.10483551025390625,0
804.8281164169312,1.0857704040527343,-0.01999999999998181,18.226252854003903,0.12009429931640625,0
804.8333759307861,0.9130012390136718,-0.12000000000000455,17.58812709106445,0.12009429931640625,0
804.8373811244965,0.8533424255371094,-0.05999999999994543,17.55113429321289,0.12772369384765625,0
804.8424456119537,0.9105872985839844,-0.05999999999994543,17.403163101806637,0.12772369384765625,0
804.8564584255219,0.8636878845214844,-0.13999999999998636,17.50181056274414,0.10483551025390625,0
804.8864777088165,0.8936897155761718,-0.17999999999994998,17.665195419921872,0.12772369384765625,0
804.904492855072,0.6374671813964844,-0.13999999999998636,17.591209824218748,0.10483551025390625,0
804.9084923267365,0.7954078552246093,-0.20000000000004547,17.50181056274414,0.12772369384765625,0
804.9124593734741,0.9640388366699219,-0.17999999999994998,18.630090897216796,0.10483551025390625,0
804.9175546169281,0.8212715026855468,-0.13999999999998636,17.67752635253906,0.12009429931640625,0
804.923159122467,0.9805915710449218,0.05999999999994543,17.51105876220703,0.10483551025390625,0
804.9284443855286,1.0592170593261718,-0.05999999999994543,18.488285172119138,0.12772369384765625,0
804.9324905872345,1.0147315856933592,-0.03999999999996362,17.606623489990234,0.09720611572265625,0
804.9379801750183,1.1147376892089844,-0.03999999999996362,17.532637894287106,0.09720611572265625,0
804.9434823989868,1.1161170837402343,-0.13999999999998636,17.387749436035154,0.10483551025390625,0
804.9474673271179,1.0305946228027343,-0.10000000000002274,17.6374508215332,0.12772369384765625,0
804.9524726867676,1.0374915954589843,-0.05999999999994543,17.671360886230467,0.09720611572265625,0
804.9574677944183,1.0043861267089842,-0.03999999999996362,17.504893295898437,0.09720611572265625,0
804.9715464115143,0.8171333190917969,-0.03999999999996362,17.548051560058592,0.10483551025390625,0
805.0015416145325,0.9802467224121093,-0.13999999999998636,17.711436417236325,0.10483551025390625,0
805.0189578533173,1.0816322204589843,-0.03999999999996362,17.655947220458984,0.12772369384765625,0
805.0225405693054,1.0668037292480468,-0.08000000000004093,17.50797602905273,0.09720611572265625,0
805.0274832248688,1.0723213073730469,-0.08000000000004093,17.418576767578124,0.12009429931640625,0
805.0334985256195,1.1123237487792967,-0.01999999999998181,17.603540756835937,0.09720611572265625,0
805.0375070571899,1.126807391357422,0.0,17.58196162475586,0.12009429931640625,0
805.0425214767456,1.102667987060547,0.01999999999998181,17.449404099121093,0.09720611572265625,0
805.0474534034729,1.1116340515136718,0.03999999999996362,17.597375290527342,0.10483551025390625,0
805.0525846481323,1.1171516296386719,0.03999999999996362,17.674443619384764,0.10483551025390625,0
805.0575618743896,1.0788734313964843,-0.08000000000004093,17.492562363281248,0.09720611572265625,0
805.0625872612,1.0530097839355468,-0.05999999999994543,18.263245651855467,0.12772369384765625,0
805.0836021900177,0.9167945739746093,-0.03999999999996362,17.606623489990234,0.12772369384765625,0
805.1106073856354,1.0271461364746093,-0.01999999999998181,17.418576767578124,0.10483551025390625,0
805.1245532035828,1.0826667663574219,0.05999999999994543,17.514141495361326,0.09720611572265625,0
805.1284544467926,1.0719764587402343,-0.10000000000002274,18.29099025024414,0.09720611572265625,0
805.1333611011505,1.0312843200683592,-0.10000000000002274,17.6374508215332,0.10483551025390625,0
805.1376225948334,0.9699012634277343,-0.01999999999998181,17.609706223144528,0.10483551025390625,0
805.1429681777954,0.8367896911621093,-0.01999999999998181,17.427824967041015,0.09720611572265625,0
805.1484909057617,0.6588477966308594,0.01999999999998181,17.62820262207031,0.09720611572265625,0
805.1524062156677,0.6619514343261719,-0.05999999999994543,17.71760188354492,0.12772369384765625,0
805.1573915481567,0.8171333190917969,-0.17999999999994998,17.514141495361326,0.09720611572265625,0
805.1625101566315,0.8550666687011719,-0.13999999999998636,18.460540573730466,0.10483551025390625,0
805.1676113605499,0.8209266540527344,-0.10000000000002274,17.68677455200195,0.12009429931640625,0
805.1724536418915,0.9530036804199218,-0.10000000000002274,17.526472427978515,0.12009429931640625,0
805.1776354312897,0.9947303649902344,-0.03999999999996362,17.433990433349607,0.09720611572265625,0
805.1984484195709,0.8012702819824219,-0.15999999999996817,17.606623489990234,0.12009429931640625,0
805.2254230976105,0.9543830749511718,-0.12000000000000455,17.492562363281248,0.12009429931640625,0
805.239440202713,0.7716132995605468,-0.08000000000004093,17.529555161132812,0.10483551025390625,0
805.242728471756,0.6509162780761718,0.0,17.418576767578124,0.10483551025390625,0
805.2473649978638,0.5264259216308593,-0.01999999999998181,17.652864487304686,0.10483551025390625,0
805.2522978782654,0.6726417419433594,-0.13999999999998636,17.692940018310544,0.12009429931640625,0
805.2575423717499,0.7691993591308594,-0.10000000000002274,17.50797602905273,0.10483551025390625,0
805.2633383274078,0.8457557556152343,-0.10000000000002274,17.80700114501953,0.10483551025390625,0
805.2674376964569,0.8060981628417968,-0.13999999999998636,17.64978175415039,0.12009429931640625,0
805.272453546524,0.9312782165527344,-0.08000000000004093,17.52030696166992,0.12772369384765625,0
805.2784876823425,0.8650672790527343,-0.20000000000004547,18.217004654541014,0.09720611572265625,0
805.2824890613556,0.7260932800292969,-0.15999999999996817,17.615871689453122,0.12772369384765625,0
805.2964980602264,0.8819648620605468,-0.2400000000000091,18.087529862060546,0.09720611572265625,0
805.3274800777435,0.8229957458496093,-0.2400000000000091,17.42165950073242,0.12009429931640625,0
805.3450272083282,0.9878333923339844,-0.20000000000004547,18.075198929443356,0.12009429931640625,0
805.349199295044,1.0057655212402343,-0.03999999999996362,17.594292557373045,0.12772369384765625,0
805.3532183170319,1.1261176940917967,-0.01999999999998181,17.594292557373045,0.12772369384765625,0
805.358359336853,1.113013446044922,-0.01999999999998181,17.464817764892576,0.09720611572265625,0
805.3622395992279,1.140601336669922,-0.13999999999998636,18.139936325683593,0.10483551025390625,0
805.3674058914185,1.1492225524902344,-0.05999999999994543,17.6374508215332,0.10483551025390625,0
805.3730843067169,0.9667976257324218,-0.03999999999996362,17.495645096435545,0.12772369384765625,0
805.3784530162811,0.9426582214355468,-0.15999999999996817,17.917979538574215,0.12009429931640625,0
805.3822875022888,0.9064491149902343,-0.10000000000002274,17.575796158447265,0.12009429931640625,0
805.3867785930634,0.9771430847167968,-0.10000000000002274,17.563465225830075,0.12772369384765625,0
805.3917784690857,1.0643897888183593,-0.17999999999994998,17.4401558996582,0.10483551025390625,0
805.4127833843231,1.1537055847167967,0.03999999999996362,17.67752635253906,0.12009429931640625,0
805.4448046684265,1.1237037536621093,-0.08000000000004093,17.850159409179685,0.10483551025390625,0
805.4528284072876,1.2485389587402342,-0.05999999999994543,17.563465225830075,0.10483551025390625,0
805.4574785232544,1.2764716979980468,-0.10000000000002274,17.446321365966796,0.12009429931640625,0
805.4624869823456,1.2385383483886718,-0.05999999999994543,17.958055069580077,0.12009429931640625,0
805.4675369262695,1.2861274597167969,-0.17999999999994998,17.585044357910153,0.12009429931640625,0
805.4717891216278,1.2316413757324218,-0.17999999999994998,17.474065964355468,0.12009429931640625,0
805.4774889945984,1.1068061706542969,-0.12000000000000455,17.387749436035154,0.10483551025390625,0
805.4828424453735,0.9926612731933593,-0.12000000000000455,17.560382492675778,0.14298248291015625,0
805.4884839057922,0.9812812683105469,-0.08000000000004093,17.486396896972654,0.13535308837890625,0
805.4917793273926,1.0136970397949219,-0.12000000000000455,17.369253037109374,0.12772369384765625,0
805.4967892169952,1.1361183044433594,-0.08000000000004093,17.535720627441403,0.13535308837890625,0
805.501788854599,1.1674995300292967,-0.08000000000004093,17.612788956298825,0.12009429931640625,0
805.5228071212769,1.1202552673339843,0.0,17.45865229858398,0.10483551025390625,0
805.55482172966,0.8629981872558593,-0.12000000000000455,17.514141495361326,0.10483551025390625,0
805.5628271102905,0.9412788269042969,-0.01999999999998181,17.689857285156247,0.12772369384765625,0
805.5668287277222,0.9398994323730469,0.01999999999998181,17.622037155761717,0.08957672119140625,0
805.5725345611572,0.9743842956542969,-0.10000000000002274,17.514141495361326,0.10483551025390625,0
805.5773959159851,1.0347328063964842,-0.05999999999994543,17.41241130126953,0.12772369384765625,0
805.5825364589691,1.0057655212402343,-0.03999999999996362,17.594292557373045,0.09720611572265625,0
805.5878469944,1.0064552185058593,-0.15999999999996817,17.532637894287106,0.12009429931640625,0
805.591846704483,1.0285255310058594,-0.10000000000002274,17.446321365966796,0.12009429931640625,0
805.5968525409698,1.0147315856933592,-0.10000000000002274,17.606623489990234,0.12009429931640625,0
805.6028640270233,0.9961097595214843,-0.08000000000004093,17.625119888916014,0.10483551025390625,0
805.6075212955475,0.9036903259277344,-0.03999999999996362,17.504893295898437,0.10483551025390625,0
805.6133553981781,0.7850623962402343,-0.01999999999998181,17.662112686767575,0.10483551025390625,0
805.6264500617981,0.7505775329589843,0.0,17.39083216918945,0.10483551025390625,0
805.6559131145477,1.0143867370605468,0.03999999999996362,17.51105876220703,0.10483551025390625,0
805.6740877628326,0.9461067077636718,-0.17999999999994998,17.50181056274414,0.12772369384765625,0
805.6781783103943,0.8481696960449219,0.0,17.831663010253905,0.12009429931640625,0
805.6833581924438,0.7440254089355468,0.0,17.62820262207031,0.08957672119140625,0
805.6874647140503,0.7398872253417969,-0.03999999999996362,17.591209824218748,0.10483551025390625,0
805.6924822330475,0.8402381774902343,-0.12000000000000455,17.474065964355468,0.08194732666015625,0
805.6985864639282,0.8857581970214843,-0.08000000000004093,17.597375290527342,0.10483551025390625,0
805.7019283771515,0.8961036560058593,-0.03999999999996362,17.689857285156247,0.12009429931640625,0
805.7079429626465,1.0033515808105469,-0.01999999999998181,17.486396896972654,0.12009429931640625,0
805.7129542827606,1.071631610107422,-0.08000000000004093,17.662112686767575,0.10483551025390625,0
805.7180278301239,1.0226631042480467,-0.08000000000004093,17.71760188354492,0.10483551025390625,0
805.7314312458038,0.9447273132324219,-0.03999999999996362,17.594292557373045,0.09720611572265625,0
805.7612326145172,1.1064613220214843,-0.13999999999998636,17.591209824218748,0.09720611572265625,0
805.7791929244995,0.8071327087402344,-0.20000000000004547,17.97346873535156,0.10483551025390625,0
805.7834839820862,0.8329963562011719,-0.05999999999994543,17.6374508215332,0.12009429931640625,0
805.7870149612427,0.9154151794433594,-0.03999999999996362,17.615871689453122,0.12009429931640625,0
805.7924489974976,1.0374915954589843,-0.15999999999996817,17.464817764892576,0.12009429931640625,0
805.7981219291687,1.0174903747558592,-0.10000000000002274,17.612788956298825,0.09720611572265625,0
805.8032100200653,1.113013446044922,-0.10000000000002274,17.63128535522461,0.09720611572265625,0
805.8072011470795,1.1664649841308594,-0.17999999999994998,17.52030696166992,0.09720611572265625,0
805.813481092453,1.1333595153808593,-0.12000000000000455,17.683691818847656,0.10483551025390625,0
805.8183846473694,1.0757697937011719,-0.10000000000002274,17.723767349853514,0.09720611572265625,0
805.8225653171539,0.9981788513183594,-0.03999999999996362,17.532637894287106,0.09720611572265625,0
805.8275859355927,0.9202430603027343,-0.13999999999998636,17.433990433349607,0.10483551025390625,0
805.83322930336,0.8778266784667969,-0.13999999999998636,17.615871689453122,0.10483551025390625,0
805.8464403152466,1.0043861267089842,-0.10000000000002274,17.834745743408202,0.10483551025390625,0
805.8759005069733,0.6795387145996094,-0.15999999999996817,17.40932856811523,0.12009429931640625,0
805.8942081928253,0.9474861022949218,-0.03999999999996362,17.4432386328125,0.12009429931640625,0
805.8979661464691,1.0064552185058593,-0.22000000000002728,17.594292557373045,0.12009429931640625,0
805.902854681015,0.9881782409667969,-0.05999999999994543,17.622037155761717,0.10483551025390625,0
805.9078578948975,0.8664466735839843,-0.01999999999998181,17.495645096435545,0.08194732666015625,0
805.9134080410004,0.7716132995605468,0.01999999999998181,17.64978175415039,0.12772369384765625,0
805.9168252944946,0.7260932800292969,-0.10000000000002274,17.671360886230467,0.10483551025390625,0
805.9218008518219,0.8667915222167968,-0.10000000000002274,17.514141495361326,0.12009429931640625,0
805.9278810024261,0.8936897155761718,-0.20000000000004547,17.828580277099608,0.12772369384765625,0
805.9334473609924,0.9236915466308593,-0.12000000000000455,17.609706223144528,0.12772369384765625,0
805.936811208725,0.9981788513183594,-0.08000000000004093,17.58812709106445,0.09720611572265625,0
805.951863527298,1.0219734069824218,-0.20000000000004547,17.662112686767575,0.09720611572265625,0
805.9824504852295,0.9595558044433593,-0.15999999999996817,17.58196162475586,0.13535308837890625,0
806.0001492500305,1.0188697692871094,-0.03999999999996362,17.591209824218748,0.10483551025390625,0
806.0042521953583,0.9247260925292968,-0.05999999999994543,17.563465225830075,0.10483551025390625,0
806.0076141357422,0.8271339294433594,-0.05999999999994543,17.46173503173828,0.12772369384765625,0
806.0116198062897,0.7498878356933594,-0.01999999999998181,18.28790751708984,0.09720611572265625,0
806.0175557136536,0.8798957702636718,-0.01999999999998181,17.615871689453122,0.12009429931640625,0
806.0228517055511,0.9512794372558593,-0.08000000000004093,17.48023143066406,0.12009429931640625,0
806.0284767150879,0.9719703552246093,-0.03999999999996362,18.167680924072265,0.12009429931640625,0
806.0324788093567,1.0157661315917967,-0.13999999999998636,17.572713425292967,0.10483551025390625,0
806.0384540557861,1.0699073669433594,-0.10000000000002274,17.483314163818356,0.09720611572265625,0
806.0418832302094,1.0419746276855468,-0.15999999999996817,17.400080368652343,0.12772369384765625,0
806.0484638214111,0.9188636657714844,-0.15999999999996817,17.560382492675778,0.09720611572265625,0
806.0614469051361,0.9943855163574218,-0.12000000000000455,17.788504746093746,0.12009429931640625,0
806.0908076763153,1.0478370544433593,-0.05999999999994543,17.446321365966796,0.10483551025390625,0
806.1089160442352,1.2119850036621094,-0.08000000000004093,17.360004837646482,0.10483551025390625,0
806.1129474639893,1.1361183044433594,-0.20000000000004547,17.773091080322263,0.12772369384765625,0
806.1179304122925,1.2188819763183594,-0.15999999999996817,17.683691818847656,0.09720611572265625,0
806.1229403018951,1.1719825622558593,-0.12000000000000455,17.486396896972654,0.09720611572265625,0
806.12801861763,0.9771430847167968,-0.22000000000002728,18.167680924072265,0.08957672119140625,0
806.133442401886,0.8533424255371094,-0.22000000000002728,17.615871689453122,0.12009429931640625,0
806.1383528709412,0.9633491394042968,-0.15999999999996817,17.532637894287106,0.12009429931640625,0
806.1419198513031,1.1016334411621094,-0.20000000000004547,17.449404099121093,0.12009429931640625,0
806.1483721733093,1.0774940368652344,-0.13999999999998636,17.612788956298825,0.10483551025390625,0
806.1523575782776,0.9909370300292968,-0.10000000000002274,17.69910548461914,0.09720611572265625,0
806.1573734283447,0.9033454772949219,-0.10000000000002274,17.523389694824218,0.10483551025390625,0
806.1775233745575,0.9571418640136719,-0.17999999999994998,17.4401558996582,0.09720611572265625,0
806.2095463275909,0.8936897155761718,-0.08000000000004093,17.406245834960934,0.10483551025390625,0
806.2185530662537,0.9519691345214844,0.0,17.711436417236325,0.12772369384765625,0
806.2224760055542,0.9995582458496093,-0.10000000000002274,17.523389694824218,0.09720611572265625,0
806.2284791469574,1.0316291687011718,-0.10000000000002274,18.531443436279297,0.12009429931640625,0
806.2324368953705,0.9223121520996094,0.01999999999998181,17.609706223144528,0.12009429931640625,0
806.2374637126923,0.7716132995605468,-0.08000000000004093,17.606623489990234,0.12009429931640625,0
806.2416973114014,0.6919532653808593,-0.03999999999996362,17.464817764892576,0.13535308837890625,0
806.2474870681763,0.8423072692871093,-0.2799999999999727,17.6374508215332,0.12009429931640625,0
806.2524900436401,0.8757575866699219,-0.2799999999999727,17.69602275146484,0.12772369384765625,0
806.2574934959412,0.8978278991699218,-0.17999999999994998,17.526472427978515,0.12772369384765625,0
806.2624764442444,0.9357612487792968,-0.12000000000000455,18.8212203527832,0.12772369384765625,0
806.2685303688049,0.9054145690917969,-0.08000000000004093,17.739181015624997,0.09720611572265625,0
806.2725131511688,0.8598945495605468,-0.03999999999996362,17.55113429321289,0.10483551025390625,0
806.292810678482,0.7981666442871094,-0.12000000000000455,17.40932856811523,0.12009429931640625,0
806.3199365139008,0.9561073181152343,-0.12000000000000455,17.603540756835937,0.12772369384765625,0
806.3338937759399,0.7691993591308594,-0.05999999999994543,17.705270950927734,0.12009429931640625,0
806.3384435176849,0.7164375183105468,-0.13999999999998636,17.548051560058592,0.09720611572265625,0
806.341813325882,0.7847175476074219,-0.17999999999994998,17.45248683227539,0.09720611572265625,0
806.3480246067047,0.8523078796386718,-0.17999999999994998,17.603540756835937,0.10483551025390625,0
806.3534429073334,0.8674812194824219,-0.12000000000000455,17.622037155761717,0.10483551025390625,0
806.357449054718,0.9047248718261718,0.08000000000004093,17.50181056274414,0.10483551025390625,0
806.362459897995,0.9543830749511718,-0.05999999999994543,18.522195236816405,0.10483551025390625,0
806.3679640293121,0.9654182312011719,-0.03999999999996362,17.714519150390622,0.12009429931640625,0
806.3731257915497,1.0033515808105469,-0.12000000000000455,17.51105876220703,0.09720611572265625,0
806.3778195381165,1.0243873474121092,-0.12000000000000455,18.27865931762695,0.10483551025390625,0
806.3817946910858,1.0126624938964843,-0.10000000000002274,17.625119888916014,0.09720611572265625,0
806.4024457931519,0.7619575378417969,-0.05999999999994543,17.689857285156247,0.10483551025390625,0
806.4335556030273,0.9712806579589843,-0.03999999999996362,17.615871689453122,0.12009429931640625,0
806.4408133029938,1.0199043151855467,-0.08000000000004093,17.48947963012695,0.10483551025390625,0
806.4449052810669,1.0171455261230469,-0.01999999999998181,18.155349991455076,0.09720611572265625,0
806.4492003917694,1.0285255310058594,-0.01999999999998181,17.594292557373045,0.12772369384765625,0
806.453485250473,1.0423194763183594,0.0,17.597375290527342,0.12772369384765625,0
806.4574460983276,1.0040412780761718,0.05999999999994543,17.495645096435545,0.10483551025390625,0
806.4624700546265,0.9736945983886718,0.05999999999994543,18.24166651977539,0.09720611572265625,0
806.4667866230011,0.9261054870605469,0.08000000000004093,17.646699020996092,0.12772369384765625,0
806.4731228351593,0.9002418395996094,-0.03999999999996362,17.48947963012695,0.12009429931640625,0
806.4784853458405,0.8674812194824219,-0.01999999999998181,18.010461533203124,0.12009429931640625,0
806.4824526309967,0.8819648620605468,-0.13999999999998636,17.591209824218748,0.12772369384765625,0
806.486930847168,0.8967933532714844,-0.12000000000000455,17.58196162475586,0.08957672119140625,0
806.4934782981873,0.9185188171386718,-0.12000000000000455,17.387749436035154,0.12772369384765625,0
806.5059821605682,1.0040412780761718,-0.05999999999994543,17.495645096435545,0.12009429931640625,0
806.5360705852509,1.1037025329589842,-0.03999999999996362,17.615871689453122,0.10483551025390625,0
806.5530896186829,0.7650611755371094,0.0,17.615871689453122,0.12009429931640625,0
806.5581774711609,0.7133338806152344,-0.13999999999998636,17.474065964355468,0.12772369384765625,0
806.5631864070892,0.8374793884277344,-0.03999999999996362,17.69602275146484,0.10483551025390625,0
806.568178653717,0.8698951599121093,-0.03999999999996362,17.683691818847656,0.12772369384765625,0
806.5724334716797,0.9050697204589844,-0.15999999999996817,17.48947963012695,0.09720611572265625,0
806.577520608902,0.9519691345214844,-0.08000000000004093,17.400080368652343,0.12009429931640625,0
806.5834774971008,1.0333534118652343,-0.08000000000004093,17.575796158447265,0.10483551025390625,0
806.587194442749,1.0416297790527342,-0.01999999999998181,17.544968826904295,0.10483551025390625,0
806.5922720432281,1.0726661560058592,-0.13999999999998636,17.406245834960934,0.09720611572265625,0
806.6058855056763,0.9130012390136718,-0.10000000000002274,17.483314163818356,0.09720611572265625,0
806.6359436511993,0.9909370300292968,-0.08000000000004093,17.603540756835937,0.12772369384765625,0
806.6540539264679,0.9505897399902343,-0.13999999999998636,17.523389694824218,0.10483551025390625,0
806.6584327220917,0.8274787780761719,-0.05999999999994543,17.449404099121093,0.12772369384765625,0
806.6622033119202,0.7491981384277343,-0.08000000000004093,17.988882401123046,0.12772369384765625,0
806.6674771308899,0.7529914733886719,-0.08000000000004093,17.615871689453122,0.12009429931640625,0
806.6729679107666,0.9333473083496093,-0.20000000000004547,17.464817764892576,0.12772369384765625,0
806.6781179904938,0.9423133728027343,-0.10000000000002274,17.890234940185547,0.12772369384765625,0
806.6832137107849,1.0188697692871094,-0.20000000000004547,17.554217026367187,0.14298248291015625,0
806.687379360199,1.0657691833496092,-0.15999999999996817,17.541886093749998,0.10483551025390625,0
806.6924774646759,1.0730110046386718,-0.10000000000002274,17.39083216918945,0.10483551025390625,0
806.6984403133392,1.0095588562011717,-0.08000000000004093,17.541886093749998,0.13535308837890625,0
806.7020919322968,1.0012824890136718,-0.12000000000000455,17.634368088378903,0.12009429931640625,0
806.7081944942474,0.9095527526855468,-0.12000000000000455,17.433990433349607,0.13535308837890625,0
806.7215075492859,1.0740455505371094,-0.08000000000004093,17.495645096435545,0.12009429931640625,0
806.751122713089,0.8085121032714844,-0.15999999999996817,17.714519150390622,0.09720611572265625,0
806.769143819809,1.0671485778808594,-0.20000000000004547,17.683691818847656,0.09720611572265625,0
806.7732155323029,1.0285255310058594,-0.17999999999994998,17.532637894287106,0.12009429931640625,0
806.7775237560272,0.9123115417480469,0.0,17.446321365966796,0.10483551025390625,0
806.7830805778503,0.8074775573730468,-0.10000000000002274,17.63128535522461,0.10483551025390625,0
806.7884724140167,0.9723152038574219,-0.05999999999994543,17.55113429321289,0.10483551025390625,0
806.7921280860901,1.081977069091797,-0.13999999999998636,17.45865229858398,0.13535308837890625,0
806.7982070446014,1.1023231384277343,-0.13999999999998636,17.606623489990234,0.12772369384765625,0
806.8022117614746,1.1630164978027344,-0.03999999999996362,17.683691818847656,0.09720611572265625,0
806.8074636459351,1.2243995544433592,-0.12000000000000455,17.50797602905273,0.09720611572265625,0
806.8122510910034,1.1502570983886717,-0.08000000000004093,18.509864304199215,0.09720611572265625,0
806.8259074687958,0.8764472839355468,-0.01999999999998181,17.403163101806637,0.10483551025390625,0
806.857501745224,0.9285194274902343,-0.01999999999998181,17.51105876220703,0.09720611572265625,0
806.875155210495,0.9881782409667969,-0.13999999999998636,17.51105876220703,0.12772369384765625,0
806.8794429302216,0.9871436950683593,-0.15999999999996817,18.40505137695312,0.12009429931640625,0
806.8818302154541,1.0040412780761718,-0.12000000000000455,17.63128535522461,0.10483551025390625,0
806.8878421783447,1.023352801513672,-0.12000000000000455,17.575796158447265,0.12009429931640625,0
806.8930764198303,0.8533424255371094,-0.08000000000004093,17.424742233886718,0.10483551025390625,0
806.8984673023224,0.7260932800292969,-0.13999999999998636,17.63128535522461,0.09720611572265625,0
806.9029269218445,0.7595435974121093,-0.08000000000004093,17.646699020996092,0.12009429931640625,0
806.907949924469,0.9574867126464843,-0.17999999999994998,17.514141495361326,0.12772369384765625,0
806.9132318496704,0.9833503601074218,-0.12000000000000455,17.791587479248044,0.10483551025390625,0
806.9173324108124,0.9936958190917968,-0.12000000000000455,17.66827815307617,0.09720611572265625,0
806.9219162464142,1.0333534118652343,-0.08000000000004093,17.544968826904295,0.10483551025390625,0
806.9434635639191,0.6433296081542969,-0.13999999999998636,17.39083216918945,0.12772369384765625,0
806.9702129364014,0.6447090026855469,-0.08000000000004093,17.634368088378903,0.09720611572265625,0
806.9838604927063,0.7716132995605468,-0.17999999999994998,17.705270950927734,0.12009429931640625,0
806.9884378910065,0.7819587585449218,-0.03999999999996362,17.544968826904295,0.12009429931640625,0
806.9925153255463,0.7960975524902344,-0.05999999999994543,17.449404099121093,0.12772369384765625,0
806.9969961643219,0.9492103454589843,-0.03999999999996362,17.606623489990234,0.09720611572265625,0
807.0030407905579,0.9419685241699218,-0.03999999999996362,17.609706223144528,0.12772369384765625,0
807.0082061290741,0.9509345886230468,-0.13999999999998636,17.486396896972654,0.12009429931640625,0
807.0123760700226,0.9874885437011718,-0.10000000000002274,18.078281662597654,0.09720611572265625,0
807.0173881053925,0.9267951843261718,-0.05999999999994543,17.655947220458984,0.09720611572265625,0
807.0223913192749,0.8757575866699219,-0.01999999999998181,17.52030696166992,0.10483551025390625,0
807.0274250507355,0.8350654479980468,-0.01999999999998181,17.418576767578124,0.09720611572265625,0
807.0324683189392,0.8254096862792969,-0.13999999999998636,17.594292557373045,0.10483551025390625,0
807.0464339256287,1.0157661315917967,-0.05999999999994543,17.88715220703125,0.10483551025390625,0
807.0764284133911,0.8705848571777344,-0.01999999999998181,17.384666702880857,0.12009429931640625,0
807.0945174694061,1.0905982849121094,-0.03999999999996362,17.42165950073242,0.12009429931640625,0
807.098436832428,1.1330146667480467,-0.22000000000002728,17.563465225830075,0.09720611572265625,0
807.1024525165558,1.1430152770996094,-0.20000000000004547,17.646699020996092,0.12772369384765625,0
807.106782913208,1.126807391357422,-0.03999999999996362,17.464817764892576,0.12772369384765625,0
807.1133434772491,1.2064674255371093,0.0,17.6374508215332,0.12009429931640625,0
807.1174681186676,1.1778449890136717,-0.13999999999998636,17.625119888916014,0.14298248291015625,0
807.1224365234375,1.1730171081542968,-0.13999999999998636,17.48023143066406,0.12772369384765625,0
807.1280372142792,1.1650855895996093,0.03999999999996362,17.85632487548828,0.12772369384765625,0
807.1331372261047,1.1626716491699218,-0.08000000000004093,17.560382492675778,0.12772369384765625,0
807.1382215023041,1.1450843688964842,-0.03999999999996362,17.486396896972654,0.12772369384765625,0
807.1418657302856,1.126807391357422,-0.03999999999996362,17.39083216918945,0.12009429931640625,0
807.162889957428,0.9692115661621094,-0.01999999999998181,17.739181015624997,0.12772369384765625,0
807.1909086704254,1.0999091979980469,-0.01999999999998181,17.446321365966796,0.12009429931640625,0
807.2054314613342,1.0816322204589843,-0.08000000000004093,17.486396896972654,0.12009429931640625,0
807.208429813385,1.0712867614746093,-0.05999999999994543,17.446321365966796,0.12772369384765625,0
807.2124660015106,1.0723213073730469,-0.17999999999994998,18.57768443359375,0.14298248291015625,0
807.2178270816803,0.9667976257324218,-0.17999999999994998,17.662112686767575,0.12772369384765625,0
807.2228384017944,0.9057594177246093,-0.15999999999996817,17.45248683227539,0.14298248291015625,0
807.2268497943878,0.8257545349121094,0.03999999999996362,17.366170303955077,0.12009429931640625,0
807.2318429946899,0.7667854187011719,-0.08000000000004093,17.535720627441403,0.12772369384765625,0
807.2384293079376,0.8036842224121094,-0.05999999999994543,17.48023143066406,0.12772369384765625,0
807.2428669929504,0.8636878845214844,0.0,17.319929306640624,0.14298248291015625,0
807.2478590011597,0.8943794128417968,0.0,17.532637894287106,0.14298248291015625,0
807.252932548523,0.9412788269042969,-0.12000000000000455,17.535720627441403,0.10483551025390625,0
807.2584297657013,0.9895576354980469,-0.08000000000004093,17.40932856811523,0.12009429931640625,0
807.2722160816193,1.1226692077636717,-0.08000000000004093,17.427824967041015,0.12009429931640625,0
807.3063361644745,0.9854194519042968,-0.03999999999996362,17.418576767578124,0.14298248291015625,0
807.3203861713409,0.9078285095214843,-0.10000000000002274,17.535720627441403,0.12772369384765625,0
807.3243567943573,0.9457618591308593,-0.08000000000004093,17.427824967041015,0.10483551025390625,0
807.3283858299255,1.0136970397949219,0.0,17.979634201660154,0.12772369384765625,0
807.3324346542358,1.0212837097167968,-0.13999999999998636,17.535720627441403,0.14298248291015625,0
807.3378782272339,1.0019721862792967,-0.13999999999998636,17.483314163818356,0.09720611572265625,0
807.343258857727,1.0450782653808592,-0.05999999999994543,17.3415084387207,0.12009429931640625,0
807.3473408222198,1.0740455505371094,-0.03999999999996362,17.563465225830075,0.10483551025390625,0
807.352352142334,1.0081794616699218,0.0,17.655947220458984,0.10483551025390625,0
807.3573563098907,0.9071388122558594,0.0,17.486396896972654,0.10483551025390625,0
807.3618845939636,0.7960975524902344,-0.13999999999998636,18.04437159790039,0.09720611572265625,0
807.3830969333649,0.8305824157714844,-0.05999999999994543,17.615871689453122,0.10483551025390625,0
807.4155094623566,0.8323066589355469,-0.17999999999994998,17.615871689453122,0.14298248291015625,0
807.4228556156158,0.9833503601074218,-0.13999999999998636,17.523389694824218,0.10483551025390625,0
807.4269571304321,1.0219734069824218,-0.10000000000002274,17.43090770019531,0.10483551025390625,0
807.4325187206268,1.0488716003417968,-0.15999999999996817,17.615871689453122,0.09720611572265625,0
807.4374644756317,0.9799018737792968,-0.12000000000000455,17.609706223144528,0.09720611572265625,0
807.4419538974762,0.8219611999511719,-0.22000000000002728,17.47098323120117,0.12772369384765625,0
807.4475183486938,0.7136787292480469,-0.22000000000002728,17.634368088378903,0.10483551025390625,0
807.4520366191864,0.9036903259277344,-0.15999999999996817,17.689857285156247,0.09720611572265625,0
807.4580900669098,0.9674873229980469,-0.17999999999994998,17.486396896972654,0.09720611572265625,0
807.4631445407867,1.0257667419433594,-0.12000000000000455,17.850159409179685,0.09720611572265625,0
807.4681499004364,1.092322528076172,-0.22000000000002728,17.711436417236325,0.12772369384765625,0
807.4984261989594,1.026801287841797,-0.15999999999996817,17.625119888916014,0.08957672119140625,0
807.5532429218292,0.9026557800292968,-0.10000000000002274,17.63128535522461,0.09720611572265625,0
807.5712468624115,0.8302375671386718,-0.08000000000004093,17.563465225830075,0.12009429931640625,0
807.5752425193787,0.8281684753417968,-0.12000000000000455,17.495645096435545,0.08957672119140625,0
807.5783095359802,0.8505836364746093,-0.22000000000002728,18.127605393066403,0.09720611572265625,0
807.5924255847931,0.8774818298339844,-0.22000000000002728,17.464817764892576,0.10483551025390625,0
807.6264455318451,0.9164497253417968,-0.03999999999996362,17.37233577026367,0.12009429931640625,0
807.6404550075531,0.8374793884277344,-0.03999999999996362,17.504893295898437,0.12009429931640625,0
807.6434290409088,0.8126502868652343,-0.17999999999994998,17.384666702880857,0.12009429931640625,0
807.6474628448486,0.7385078308105468,-0.03999999999996362,17.6374508215332,0.12772369384765625,0
807.6524360179901,0.6905738708496093,-0.17999999999994998,17.674443619384764,0.12009429931640625,0
807.6574392318726,0.6857459899902344,-0.15999999999996817,17.50181056274414,0.12772369384765625,0
807.6621248722076,0.7433357116699219,-0.15999999999996817,18.65475276245117,0.12772369384765625,0
807.6684241294861,0.7750617858886718,-0.08000000000004093,17.70835368408203,0.10483551025390625,0
807.6721949577332,0.8188575622558594,-0.03999999999996362,17.51105876220703,0.12009429931640625,0
807.6772563457489,0.8692054626464844,0.0,17.406245834960934,0.12772369384765625,0
807.6822698116302,0.8833442565917968,-0.12000000000000455,17.58812709106445,0.10483551025390625,0
807.687408208847,0.9312782165527344,0.08000000000004093,17.575796158447265,0.10483551025390625,0
807.7164571285248,0.7619575378417969,0.08000000000004093,17.591209824218748,0.12009429931640625,0
807.7650423049927,1.0057655212402343,-0.03999999999996362,17.563465225830075,0.10483551025390625,0
807.7834303379059,0.8205818054199219,-0.01999999999998181,17.575796158447265,0.12772369384765625,0
807.7874302864075,0.8878272888183594,-0.12000000000000455,17.55113429321289,0.13535308837890625,0
807.7925081253052,0.9195533630371093,-0.10000000000002274,17.42165950073242,0.12772369384765625,0
807.7982256412506,0.9902473327636718,-0.05999999999994543,17.563465225830075,0.09720611572265625,0
807.8017597198486,1.0271461364746093,-0.03999999999996362,17.643616287841795,0.12009429931640625,0
807.822838306427,0.9147254821777343,-0.13999999999998636,17.45865229858398,0.12009429931640625,0
807.8514301776886,1.0409400817871093,-0.13999999999998636,17.655947220458984,0.12772369384765625,0
807.8648765087128,1.1526710388183594,-0.08000000000004093,17.535720627441403,0.12009429931640625,0
807.8688774108887,1.1843971130371094,-0.01999999999998181,17.603540756835937,0.12772369384765625,0
807.8729116916656,1.1878455993652344,0.08000000000004093,17.446321365966796,0.12772369384765625,0
807.8779304027557,1.2206062194824219,0.08000000000004093,18.164598190917967,0.10483551025390625,0
807.8824548721313,1.1999153015136719,-0.05999999999994543,17.544968826904295,0.12772369384765625,0
807.8879287242889,1.1971565124511718,-0.15999999999996817,17.48023143066406,0.12009429931640625,0
807.8929891586304,1.1947425720214844,0.0,17.33226023925781,0.13535308837890625,0
807.8980009555817,1.1426704284667968,0.01999999999998181,17.535720627441403,0.14298248291015625,0
807.9029505252838,1.1212898132324218,0.05999999999994543,17.535720627441403,0.12772369384765625,0
807.9084627628326,1.1650855895996093,0.05999999999994543,17.396997635498046,0.12772369384765625,0
807.9134290218353,1.1012885925292968,-0.03999999999996362,17.692940018310544,0.15061187744140625,0
807.9332528114319,1.0978401062011718,-0.03999999999996362,17.544968826904295,0.12772369384765625,0
807.9591970443726,1.1071510192871092,-0.15999999999996817,17.356922104492185,0.12009429931640625,0
807.9734234809875,1.1312904235839842,-0.03999999999996362,17.47098323120117,0.10483551025390625,0
807.9771971702576,1.140601336669922,-0.10000000000002274,17.384666702880857,0.10483551025390625,0
807.9823668003082,1.1099098083496093,-0.05999999999994543,17.566547958984373,0.10483551025390625,0
807.987462759018,1.0292152282714844,-0.03999999999996362,17.563465225830075,0.12009429931640625,0
807.9931857585907,0.9699012634277343,-0.03999999999996362,17.37233577026367,0.09720611572265625,0
807.9972929954529,0.8664466735839843,0.0,17.603540756835937,0.09720611572265625,0
808.0023899078369,0.7367835876464843,-0.13999999999998636,17.683691818847656,0.09720611572265625,0
808.007340669632,0.7778205749511719,-0.12000000000000455,17.50181056274414,0.08957672119140625,0
808.0124478340149,0.8709297058105469,-0.08000000000004093,18.127605393066403,0.12772369384765625,0
808.0173079967499,0.9036903259277344,-0.03999999999996362,17.665195419921872,0.12009429931640625,0
808.0313165187836,1.0195594665527343,-0.03999999999996362,17.603540756835937,0.08194732666015625,0
808.0613179206848,0.8992072937011718,0.03999999999996362,17.68677455200195,0.10483551025390625,0
808.0793380737305,0.9236915466308593,-0.01999999999998181,18.343396713867186,0.12009429931640625,0
808.0833888053894,0.9440376159667968,-0.01999999999998181,17.615871689453122,0.12772369384765625,0
808.088390827179,0.9950752136230469,-0.05999999999994543,17.532637894287106,0.12009429931640625,0
808.0923550128937,1.0105934020996092,-0.05999999999994543,17.449404099121093,0.10483551025390625,0
808.097286939621,1.0554237243652342,-0.15999999999996817,17.62820262207031,0.09720611572265625,0
808.1023080348969,1.0978401062011718,-0.12000000000000455,17.68677455200195,0.13535308837890625,0
808.1075177192688,1.1588783142089842,-0.12000000000000455,17.504893295898437,0.12009429931640625,0
808.1124196052551,1.1040473815917968,-0.10000000000002274,18.26941111816406,0.09720611572265625,0
808.1171233654022,1.0381812927246092,-0.03999999999996362,17.63128535522461,0.13535308837890625,0
808.1233382225037,0.9899024841308594,-0.01999999999998181,17.52030696166992,0.10483551025390625,0
808.1267488002777,0.9054145690917969,-0.13999999999998636,17.4401558996582,0.08957672119140625,0
808.1317551136017,0.7588539001464844,-0.10000000000002274,17.622037155761717,0.09720611572265625,0
808.1587700843811,0.9857643005371093,-0.05999999999994543,17.400080368652343,0.10483551025390625,0
808.2188079357147,1.0554237243652342,-0.05999999999994543,17.689857285156247,0.10483551025390625,0
808.2424039840698,0.8967933532714844,-0.15999999999996817,17.486396896972654,0.10483551025390625,0
808.269802570343,1.0530097839355468,-0.15999999999996817,17.612788956298825,0.09720611572265625,0
808.2957847118378,1.0726661560058592,-0.08000000000004093,18.038206131591796,0.09720611572265625,0
808.309891462326,1.1502570983886717,-0.10000000000002274,17.418576767578124,0.10483551025390625,0
808.3133525848389,1.0726661560058592,-0.13999999999998636,17.831663010253905,0.10483551025390625,0
808.3172068595886,0.9702461120605468,-0.03999999999996362,17.671360886230467,0.08957672119140625,0
808.3224980831146,0.8143745300292968,-0.03999999999996362,17.548051560058592,0.12772369384765625,0
808.3268101215363,0.7660957214355468,-0.01999999999998181,17.43090770019531,0.09720611572265625,0
808.331814289093,0.9902473327636718,-0.08000000000004093,17.603540756835937,0.12009429931640625,0
808.336820602417,0.9733497497558593,-0.03999999999996362,17.58812709106445,0.10483551025390625,0
808.3418180942535,1.037146746826172,-0.13999999999998636,17.47098323120117,0.10483551025390625,0
808.3558330535889,1.0702522155761718,-0.10000000000002274,17.52030696166992,0.12772369384765625,0
808.3868494033813,1.0385261413574218,-0.10000000000002274,17.594292557373045,0.12009429931640625,0
808.4063818454742,0.9626594421386718,-0.08000000000004093,17.51105876220703,0.12009429931640625,0
808.4091904163361,0.8809303161621094,-0.10000000000002274,17.418576767578124,0.10483551025390625,0
808.4124505519867,0.8171333190917969,-0.10000000000002274,18.124522659912106,0.12772369384765625,0
808.4167602062225,0.9057594177246093,-0.10000000000002274,17.63128535522461,0.10483551025390625,0
808.4217677116394,1.0333534118652343,-0.08000000000004093,17.50797602905273,0.12772369384765625,0
808.4267692565918,1.0105934020996092,-0.13999999999998636,17.400080368652343,0.12009429931640625,0
808.4318187236786,1.1123237487792967,-0.10000000000002274,17.58196162475586,0.12009429931640625,0
808.4368197917938,1.157843768310547,-0.03999999999996362,17.554217026367187,0.12772369384765625,0
808.4428782463074,1.1040473815917968,-0.03999999999996362,17.369253037109374,0.10483551025390625,0
808.4479715824127,0.9812812683105469,-0.10000000000002274,17.575796158447265,0.10483551025390625,0
808.452832698822,0.8347205993652344,-0.03999999999996362,17.603540756835937,0.12772369384765625,0
808.457852602005,0.7781654235839843,-0.13999999999998636,17.45865229858398,0.12772369384765625,0
808.4890456199646,0.9057594177246093,-0.10000000000002274,17.48947963012695,0.09720611572265625,0
808.5540981292725,1.2130195495605467,-0.05999999999994543,17.514141495361326,0.12772369384765625,0
808.5781607627869,1.0147315856933592,-0.05999999999994543,18.204673721923825,0.12772369384765625,0
808.5911777019501,1.147498309326172,-0.17999999999994998,17.486396896972654,0.10483551025390625,0
808.6211977005005,0.9471412536621093,-0.08000000000004093,17.56963069213867,0.12009429931640625,0
808.6392097473145,1.2075019714355468,-0.10000000000002274,17.526472427978515,0.09720611572265625,0
808.6422116756439,1.2437110778808593,-0.08000000000004093,17.46173503173828,0.12009429931640625,0
808.6472153663635,1.0461128112792968,-0.08000000000004093,17.643616287841795,0.10483551025390625,0
808.6523163318634,0.8540321228027343,-0.05999999999994543,17.70835368408203,0.10483551025390625,0
808.6573271751404,0.7671302673339844,-0.12000000000000455,17.529555161132812,0.12009429931640625,0
808.6624069213867,0.9550727722167969,-0.2400000000000091,18.275576584472656,0.12772369384765625,0
808.6666843891144,1.0199043151855467,-0.03999999999996362,17.665195419921872,0.12009429931640625,0
808.6724224090576,1.0095588562011717,-0.12000000000000455,17.532637894287106,0.12009429931640625,0
808.6940279006958,0.8661018249511718,-0.12000000000000455,17.449404099121093,0.10483551025390625,0
808.7214076519012,1.0585273620605469,-0.01999999999998181,17.56963069213867,0.09720611572265625,0
808.7350099086761,0.7336799499511718,-0.10000000000002274,17.74534648193359,0.10483551025390625,0
808.7380063533783,0.7260932800292969,-0.13999999999998636,17.572713425292967,0.12009429931640625,0
808.7430171966553,0.8181678649902343,-0.13999999999998636,17.418576767578124,0.10483551025390625,0
808.7477569580078,0.8661018249511718,-0.17999999999994998,17.622037155761717,0.12772369384765625,0
808.7524061203003,0.9150703308105468,-0.10000000000002274,17.711436417236325,0.09720611572265625,0
808.7570309638977,0.9667976257324218,-0.22000000000002728,17.523389694824218,0.10483551025390625,0
808.7633085250854,1.0012824890136718,-0.03999999999996362,17.958055069580077,0.10483551025390625,0
808.767021894455,0.9785224792480468,0.0,17.66827815307617,0.10483551025390625,0
808.7726676464081,0.9757636901855469,0.0,17.523389694824218,0.08194732666015625,0
808.7772219181061,0.9216224548339843,-0.10000000000002274,17.433990433349607,0.09720611572265625,0
808.7824213504791,0.8112708923339843,-0.03999999999996362,17.609706223144528,0.10483551025390625,0
808.8024208545685,0.9002418395996094,-0.15999999999996817,17.67752635253906,0.10483551025390625,0
808.8490645885468,1.0178352233886718,-0.10000000000002274,17.603540756835937,0.10483551025390625,0
808.8684060573578,0.9330024597167969,-0.12000000000000455,17.714519150390622,0.09720611572265625,0
808.8731272220612,0.9509345886230468,-0.05999999999994543,17.52030696166992,0.09720611572265625,0
808.8784050941467,0.9074836608886718,-0.01999999999998181,18.075198929443356,0.12009429931640625,0
808.8818535804749,0.8333412048339843,0.0,17.603540756835937,0.12009429931640625,0
808.8870966434479,0.8378242370605469,0.0,17.597375290527342,0.12772369384765625,0
808.8934051990509,0.9036903259277344,0.0,17.384666702880857,0.12009429931640625,0
808.9111330509186,0.8354102966308593,-0.12000000000000455,17.50181056274414,0.12009429931640625,0
808.9541699886322,0.8116157409667969,0.03999999999996362,17.560382492675778,0.12009429931640625,0
808.9782247543335,0.8123054382324219,-0.08000000000004093,17.877904007568358,0.10483551025390625,0
808.9822754859924,0.8340309020996094,0.08000000000004093,17.594292557373045,0.12772369384765625,0
808.9872906208038,0.8047187683105469,-0.05999999999994543,17.585044357910153,0.08957672119140625,0
808.9922912120819,0.7947181579589844,0.08000000000004093,17.446321365966796,0.12009429931640625,0
808.9972972869873,0.8395484802246094,0.08000000000004093,17.606623489990234,0.10483551025390625,0
809.0024037361145,0.8136848327636719,-0.08000000000004093,17.68677455200195,0.10483551025390625,0
809.0324196815491,0.8188575622558594,-0.05999999999994543,17.58812709106445,0.10483551025390625,0
809.1032092571259,0.7291969177246094,-0.08000000000004093,17.606623489990234,0.12009429931640625,0
809.123227596283,0.7691993591308594,-0.08000000000004093,17.492562363281248,0.10483551025390625,0
809.1413979530334,0.7574745056152343,0.03999999999996362,17.474065964355468,0.12772369384765625,0
809.170648097992,0.7285072204589843,0.0,17.541886093749998,0.09720611572265625,0
809.1886653900146,0.6709174987792969,0.10000000000002274,17.486396896972654,0.14298248291015625,0
809.1916630268097,0.6450538513183594,0.12000000000000455,17.427824967041015,0.12772369384765625,0
809.1966691017151,0.6122932312011719,0.12000000000000455,17.572713425292967,0.12009429931640625,0
809.2016835212708,0.6226386901855469,0.01999999999998181,17.6374508215332,0.10483551025390625,0
809.2070882320404,0.6178108093261718,-0.01999999999998181,17.467900498046873,0.12009429931640625,0
809.21169090271,0.6140174743652344,-0.03999999999996362,18.087529862060546,0.12772369384765625,0
809.2166917324066,0.7464393493652344,0.08000000000004093,17.591209824218748,0.13535308837890625,0
809.2225067615509,0.8140296813964844,0.17999999999994998,17.47098323120117,0.10483551025390625,0
809.2266561985016,0.8126502868652343,0.17999999999994998,17.38158396972656,0.12009429931640625,0
809.2484171390533,0.6509162780761718,0.17999999999994998,17.575796158447265,0.10483551025390625,0
809.2754967212677,0.6133277770996094,0.13999999999998636,17.45865229858398,0.12009429931640625,0
809.2894859313965,0.9102424499511719,0.0,17.495645096435545,0.12009429931640625,0
809.2927167415619,0.8185127136230469,-0.01999999999998181,17.36308757080078,0.12772369384765625,0
809.2967298030853,0.7478187438964844,0.01999999999998181,17.597375290527342,0.12772369384765625,0
809.3017334938049,0.7488532897949218,0.0,17.64978175415039,0.12009429931640625,0
809.306734085083,0.7188514587402344,-0.03999999999996362,17.474065964355468,0.09720611572265625,0
809.3118081092834,0.6453986999511718,-0.03999999999996362,18.346479447021483,0.13535308837890625,0
809.3183193206787,0.6498817321777344,0.20000000000004547,17.671360886230467,0.12772369384765625,0
809.3223993778229,0.6936775085449218,0.15999999999996817,17.48023143066406,0.10483551025390625,0
809.3274307250977,0.7798896667480468,0.10000000000002274,17.366170303955077,0.12772369384765625,0
809.3328998088837,0.9098976013183593,0.05999999999994543,17.56963069213867,0.09720611572265625,0
809.3464159965515,0.7436805603027343,0.17999999999994998,18.0320406652832,0.10483551025390625,0
809.3774509429932,0.7847175476074219,0.10000000000002274,17.37233577026367,0.12772369384765625,0
809.3958568572998,0.7847175476074219,0.0,18.139936325683593,0.13535308837890625,0
809.3998532295227,0.8002357360839844,0.03999999999996362,17.585044357910153,0.12009429931640625,0
809.4039316177368,0.7364387390136719,0.03999999999996362,17.544968826904295,0.13535308837890625,0
809.4079954624176,0.6716071960449218,0.03999999999996362,17.45865229858398,0.12009429931640625,0
809.4129455089569,0.6929878112792969,0.01999999999998181,17.951889603271482,0.12772369384765625,0
809.4184787273407,0.7274726745605469,0.12000000000000455,17.683691818847656,0.10483551025390625,0
809.4218227863312,0.7650611755371094,0.05999999999994543,17.492562363281248,0.10483551025390625,0
809.4279177188873,0.8757575866699219,0.03999999999996362,18.4297132421875,0.14298248291015625,0
809.4329240322113,1.0081794616699218,-0.05999999999994543,17.572713425292967,0.12009429931640625,0
809.438446521759,0.9633491394042968,-0.05999999999994543,17.504893295898437,0.13535308837890625,0
809.4514153003693,0.8319618103027343,0.05999999999994543,17.674443619384764,0.09720611572265625,0
809.4810562133789,0.9261054870605469,0.17999999999994998,17.544968826904295,0.12772369384765625,0
809.4991562366486,0.9974891540527343,0.08000000000004093,17.51105876220703,0.14298248291015625,0
809.5032277107239,0.8674812194824219,0.15999999999996817,17.523389694824218,0.12009429931640625,0
809.5069756507874,0.8502387878417969,0.01999999999998181,17.40932856811523,0.13535308837890625,0
809.5124533176422,0.8067878601074219,0.15999999999996817,18.343396713867186,0.14298248291015625,0
809.5179266929626,0.7623023864746094,0.13999999999998636,17.609706223144528,0.15061187744140625,0
809.523411989212,0.7819587585449218,0.03999999999996362,17.41241130126953,0.12772369384765625,0
809.5277991294861,0.7488532897949218,0.03999999999996362,18.146101791992187,0.13535308837890625,0
809.5331797599792,0.7978217956542969,0.01999999999998181,17.51105876220703,0.10483551025390625,0
809.5381827354431,0.8685157653808593,-0.01999999999998181,17.433990433349607,0.12009429931640625,0
809.5427124500275,0.9098976013183593,0.10000000000002274,17.28293650878906,0.13535308837890625,0
809.5474433898926,0.9388648864746093,0.05999999999994543,17.541886093749998,0.12772369384765625,0
809.5623044967651,0.7833381530761718,0.05999999999994543,18.186177322998045,0.14298248291015625,0
809.5934400558472,0.6867805358886718,0.03999999999996362,17.279853775634763,0.13535308837890625,0
809.6114211082458,0.6616065856933594,0.05999999999994543,17.66827815307617,0.14298248291015625,0
809.6150732040405,0.6343635437011719,0.10000000000002274,17.504893295898437,0.12009429931640625,0
809.6183710098267,0.6019477722167969,0.08000000000004093,17.622037155761717,0.14298248291015625,0
809.622403383255,0.5726356384277344,0.08000000000004093,17.424742233886718,0.12772369384765625,0
809.6273910999298,0.5636695739746094,0.03999999999996362,17.338425705566404,0.12772369384765625,0
809.632383108139,0.6747108337402343,0.17999999999994998,17.51105876220703,0.13535308837890625,0
809.6373903751373,0.8850684997558593,0.08000000000004093,17.495645096435545,0.13535308837890625,0
809.6424987316132,0.9398994323730469,0.08000000000004093,17.33226023925781,0.12772369384765625,0
809.6474273204803,0.7429908630371094,0.12000000000000455,17.52030696166992,0.10483551025390625,0
809.6525342464447,0.7071266052246094,0.08000000000004093,17.58812709106445,0.12772369384765625,0
809.6565361022949,0.6785041687011718,0.03999999999996362,17.42165950073242,0.13535308837890625,0
809.6785459518433,0.8764472839355468,0.13999999999998636,18.198508255615234,0.12009429931640625,0
809.7035629749298,0.5029762145996094,0.08000000000004093,17.514141495361326,0.13535308837890625,0
809.7185733318329,0.8305824157714844,0.01999999999998181,17.643616287841795,0.10483551025390625,0
809.7224569320679,0.8857581970214843,0.08000000000004093,17.46173503173828,0.10483551025390625,0
809.727566242218,0.6709174987792969,0.05999999999994543,17.369253037109374,0.12772369384765625,0
809.7325704097748,0.6229835388183593,0.05999999999994543,17.56963069213867,0.12009429931640625,0
809.7365732192993,0.6122932312011719,0.12000000000000455,17.548051560058592,0.10483551025390625,0
809.7424981594086,0.49883803100585933,0.05999999999994543,17.403163101806637,0.10483551025390625,0
809.7466275691986,0.4767677185058593,0.01999999999998181,17.58196162475586,0.12772369384765625,0
809.7530100345612,0.8236854431152344,-0.01999999999998181,17.563465225830075,0.10483551025390625,0
809.7580256462097,1.0195594665527343,0.08000000000004093,17.446321365966796,0.13535308837890625,0
809.7631103992462,0.7302314636230468,0.15999999999996817,17.683691818847656,0.12009429931640625,0
809.7775464057922,0.6112586853027343,0.15999999999996817,17.384666702880857,0.10483551025390625,0
809.8071963787079,0.6364326354980469,0.05999999999994543,17.45865229858398,0.12772369384765625,0
809.8242108821869,0.6795387145996094,0.22000000000002728,17.45865229858398,0.13535308837890625,0
809.827404499054,0.7933387634277344,0.17999999999994998,17.38158396972656,0.09720611572265625,0
809.8325190544128,0.7788551208496094,0.2599999999999909,17.566547958984373,0.12009429931640625,0
809.8365232944489,0.5695320007324218,0.22000000000002728,17.560382492675778,0.09720611572265625,0
809.8425023555756,0.5226325866699219,0.13999999999998636,17.41241130126953,0.12009429931640625,0
809.8484084606171,0.5864295837402344,0.2400000000000091,17.560382492675778,0.10483551025390625,0
809.8516962528229,0.6109138366699218,0.10000000000002274,17.6374508215332,0.12772369384765625,0
809.8584499359131,0.7491981384277343,0.10000000000002274,17.433990433349607,0.12772369384765625,0
809.8624823093414,0.7685096618652344,0.05999999999994543,18.01662699951172,0.12009429931640625,0
809.8678131103516,0.5798774597167968,0.12000000000000455,17.66827815307617,0.12772369384765625,0
809.8724067211151,0.5057350036621093,0.08000000000004093,17.486396896972654,0.10483551025390625,0
809.8774526119232,0.5381507751464844,0.0,17.369253037109374,0.10483551025390625,0
809.8824551105499,0.5019416687011719,0.0,17.563465225830075,0.12772369384765625,0
809.9024651050568,0.6716071960449218,0.03999999999996362,17.572713425292967,0.12772369384765625,0
809.9304718971252,0.5626350280761718,0.13999999999998636,17.6374508215332,0.09720611572265625,0
809.9429543018341,0.7750617858886718,0.08000000000004093,17.360004837646482,0.10483551025390625,0
809.9484376907349,0.6547096130371094,0.13999999999998636,17.572713425292967,0.10483551025390625,0
809.9518876075745,0.5991889831542969,0.0,17.662112686767575,0.12009429931640625,0
809.9578912258148,0.6274665710449219,0.10000000000002274,17.467900498046873,0.09720611572265625,0
809.9629023075104,0.5384956237792968,0.08000000000004093,17.674443619384764,0.12772369384765625,0
809.967898607254,0.5353919860839844,0.03999999999996362,17.683691818847656,0.12772369384765625,0
809.9741907119751,0.5974647399902344,0.03999999999996362,17.45865229858398,0.14298248291015625,0
809.9782400131226,0.7509223815917968,0.03999999999996362,17.939558670654296,0.13535308837890625,0
809.9818539619446,1.0064552185058593,0.10000000000002274,17.544968826904295,0.12009429931640625,0
809.9868967533112,0.9902473327636718,0.15999999999996817,17.529555161132812,0.12772369384765625,0
810.0069131851196,0.8878272888183594,0.12000000000000455,17.403163101806637,0.15824127197265625,0
810.0329873561859,0.9123115417480469,0.08000000000004093,17.50797602905273,0.12772369384765625,0
810.046496629715,0.8602393981933594,0.08000000000004093,18.09986079467773,0.14298248291015625,0
810.0505063533783,0.8374793884277344,0.01999999999998181,17.50181056274414,0.13535308837890625,0
810.053543806076,0.9050697204589844,0.10000000000002274,17.47098323120117,0.12772369384765625,0
810.0565512180328,0.8033393737792969,0.05999999999994543,17.406245834960934,0.10483551025390625,0
810.0615451335907,0.7674751159667969,0.05999999999994543,18.235501053466795,0.10483551025390625,0
810.0674993991852,0.6985053894042969,0.03999999999996362,17.548051560058592,0.12772369384765625,0
810.0724096298218,0.7002296325683594,0.0,17.41241130126953,0.12772369384765625,0
810.0782222747803,0.6722968933105469,0.12000000000000455,18.01662699951172,0.12009429931640625,0
810.082359790802,0.6791938659667969,0.08000000000004093,17.48947963012695,0.12772369384765625,0
810.0874300003052,0.6840217468261719,0.03999999999996362,17.486396896972654,0.12009429931640625,0
810.0924327373505,0.7295417663574219,0.03999999999996362,17.307598374023435,0.13535308837890625,0
810.10644364357,0.7391975280761719,0.12000000000000455,17.41241130126953,0.12772369384765625,0
810.1364622116089,0.7247138854980468,0.08000000000004093,17.544968826904295,0.12009429931640625,0
810.1540324687958,0.7171272155761719,0.12000000000000455,17.48947963012695,0.13535308837890625,0
810.158433675766,0.6653999206542969,-0.03999999999996362,17.396997635498046,0.14298248291015625,0
810.1624460220337,0.6578132507324218,0.10000000000002274,18.315652115478514,0.13535308837890625,0
810.1674454212189,0.5871192810058594,0.08000000000004093,17.58812709106445,0.12009429931640625,0
810.172449350357,0.5115974304199219,0.20000000000004547,17.449404099121093,0.12772369384765625,0
810.1774988174438,0.5043556091308593,0.13999999999998636,17.3415084387207,0.12009429931640625,0
810.1825342178345,0.5767738220214844,0.13999999999998636,17.514141495361326,0.09720611572265625,0
810.1875319480896,0.7423011657714843,0.05999999999994543,17.514141495361326,0.12772369384765625,0
810.1925218105316,0.7747169372558593,0.13999999999998636,17.366170303955077,0.09720611572265625,0
810.1966216564178,0.5171150085449219,0.08000000000004093,17.55113429321289,0.12772369384765625,0
810.2016999721527,0.5288398620605469,0.01999999999998181,17.622037155761717,0.12772369384765625,0
810.2234501838684,0.8374793884277344,0.12000000000000455,17.42165950073242,0.13535308837890625,0
810.2504904270172,0.28158339233398433,0.12000000000000455,17.572713425292967,0.13535308837890625,0
810.2634208202362,0.8240302917480469,0.12000000000000455,17.754594681396483,0.12009429931640625,0
810.267422914505,0.6385017272949218,0.12000000000000455,17.609706223144528,0.12772369384765625,0
810.2724299430847,0.4836646911621093,0.12000000000000455,17.486396896972654,0.13535308837890625,0
810.2774913311005,0.5595313903808594,0.10000000000002274,18.05361979736328,0.12772369384765625,0
810.2824330329895,0.4740089294433593,0.0,17.56963069213867,0.12772369384765625,0
810.2884426116943,0.44780043334960934,0.08000000000004093,17.483314163818356,0.12772369384765625,0
810.292496919632,0.6860908386230469,0.20000000000004547,17.366170303955077,0.12772369384765625,0
810.2979454994202,1.0102485534667969,0.10000000000002274,17.544968826904295,0.12009429931640625,0
810.3029503822327,0.6726417419433594,0.12000000000000455,17.585044357910153,0.10483551025390625,0
810.3085281848907,0.5864295837402344,0.12000000000000455,17.449404099121093,0.12009429931640625,0
810.3119370937347,0.7140235778808594,0.05999999999994543,18.115274460449218,0.12009429931640625,0
810.318442106247,0.6874702331542969,0.05999999999994543,17.683691818847656,0.12009429931640625,0
810.3314075469971,0.9064491149902343,0.15999999999996817,17.560382492675778,0.09720611572265625,0
810.3625001907349,0.8033393737792969,0.20000000000004547,18.361893112792966,0.13535308837890625,0
810.3788588047028,0.7181617614746093,0.03999999999996362,18.204673721923825,0.12772369384765625,0
810.3831679821014,0.6929878112792969,0.17999999999994998,17.572713425292967,0.12009429931640625,0
810.3881747722626,0.6147071716308593,0.15999999999996817,17.495645096435545,0.10483551025390625,0
810.3931767940521,0.5543586608886719,0.15999999999996817,17.356922104492185,0.10483551025390625,0
810.3974761962891,0.5402198669433593,0.12000000000000455,17.591209824218748,0.12772369384765625,0
810.4017992019653,0.6750556823730468,0.01999999999998181,17.643616287841795,0.12772369384765625,0
810.4068031311035,0.8409278747558594,0.12000000000000455,17.46173503173828,0.14298248291015625,0
810.4128148555756,0.8016151306152344,0.05999999999994543,17.868655808105466,0.13535308837890625,0
810.4169430732727,0.6505714294433593,0.0,17.597375290527342,0.10483551025390625,0
810.4234187602997,0.6502265808105469,0.0,17.483314163818356,0.12009429931640625,0
810.426988363266,0.5722907897949219,0.10000000000002274,17.38158396972656,0.10483551025390625,0
810.4474000930786,0.5091834899902343,0.0,17.606623489990234,0.12772369384765625,0
810.4734370708466,0.5629798767089844,-0.01999999999998181,17.48023143066406,0.12009429931640625,0
810.4859843254089,0.49711378784179683,0.10000000000002274,17.615871689453122,0.10483551025390625,0
810.4893569946289,0.5515998718261719,0.0,17.486396896972654,0.12772369384765625,0
810.4943566322327,0.7033332702636719,0.03999999999996362,17.387749436035154,0.13535308837890625,0
810.4984424114227,0.8433418151855469,0.03999999999996362,17.544968826904295,0.14298248291015625,0
810.5030219554901,0.8661018249511718,0.10000000000002274,17.560382492675778,0.14298248291015625,0
810.5084059238434,0.7050575134277344,0.05999999999994543,17.42165950073242,0.12772369384765625,0
810.5123178958893,0.6643653747558593,0.0,18.257080185546872,0.10483551025390625,0
810.5174055099487,0.7091956970214843,0.0,17.529555161132812,0.14298248291015625,0
810.5225193500519,0.8240302917480469,0.05999999999994543,17.418576767578124,0.14298248291015625,0
810.5284452438354,0.8892066833496093,0.15999999999996817,18.146101791992187,0.09720611572265625,0
810.5319316387177,0.8057533142089843,0.10000000000002274,17.48947963012695,0.12009429931640625,0
810.5379762649536,0.8171333190917969,0.20000000000004547,17.433990433349607,0.13535308837890625,0
810.5583989620209,0.48745802612304684,0.20000000000004547,17.369253037109374,0.13535308837890625,0
810.5862231254578,0.7878211853027344,0.05999999999994543,17.535720627441403,0.12772369384765625,0
810.5994732379913,0.8081672546386719,0.12000000000000455,17.50797602905273,0.12009429931640625,0
810.6034080982208,0.7595435974121093,0.05999999999994543,17.52030696166992,0.15061187744140625,0
810.6073641777039,0.7033332702636719,0.05999999999994543,17.403163101806637,0.12772369384765625,0
810.6124308109283,0.6757453796386719,0.03999999999996362,18.38963771118164,0.12772369384765625,0
810.6170971393585,0.6360877868652344,0.2400000000000091,17.529555161132812,0.12772369384765625,0
810.622302532196,0.7833381530761718,0.15999999999996817,17.43090770019531,0.13535308837890625,0
810.6272633075714,0.9102424499511719,0.2599999999999909,17.32301203979492,0.10483551025390625,0
810.6323711872101,0.7133338806152344,0.2599999999999909,17.523389694824218,0.12009429931640625,0
810.6373760700226,0.5688423034667969,0.10000000000002274,17.526472427978515,0.13535308837890625,0
810.6423833370209,0.5409095642089844,0.20000000000004547,17.400080368652343,0.12009429931640625,0
810.6564044952393,0.6709174987792969,0.12000000000000455,17.449404099121093,0.12009429931640625,0
810.6850674152374,0.42297133178710933,0.05999999999994543,17.646699020996092,0.13535308837890625,0
810.7020745277405,0.5164253112792968,0.15999999999996817,17.652864487304686,0.13535308837890625,0
810.7051203250885,0.4629737731933593,-0.01999999999998181,17.486396896972654,0.10483551025390625,0
810.7101657390594,0.5384956237792968,-0.01999999999998181,17.356922104492185,0.12009429931640625,0
810.714280128479,0.43124769897460935,0.08000000000004093,17.572713425292967,0.13535308837890625,0
810.7182836532593,0.42641981811523433,0.15999999999996817,17.652864487304686,0.12772369384765625,0
810.7215650081635,0.5884986755371093,0.12000000000000455,17.47098323120117,0.14298248291015625,0
810.7274870872498,0.9057594177246093,0.12000000000000455,17.356922104492185,0.12009429931640625,0
810.732428073883,0.7974769470214843,0.01999999999998181,17.554217026367187,0.09720611572265625,0
810.7374873161316,0.6709174987792969,0.12000000000000455,17.566547958984373,0.09720611572265625,0
810.7422881126404,0.6274665710449219,0.05999999999994543,17.433990433349607,0.10483551025390625,0
810.7474386692047,0.5953956481933593,0.05999999999994543,17.591209824218748,0.10483551025390625,0
810.7532713413239,0.4864234802246093,0.01999999999998181,17.58196162475586,0.09720611572265625,0
810.7662827968597,0.7754066345214844,0.08000000000004093,17.572713425292967,0.12009429931640625,0
810.795440196991,0.5471168395996093,0.17999999999994998,17.979634201660154,0.13535308837890625,0
810.8124358654022,0.9805915710449218,0.17999999999994998,18.038206131591796,0.10483551025390625,0
810.8159565925598,0.8636878845214844,0.05999999999994543,17.572713425292967,0.12009429931640625,0
810.8199574947357,0.8367896911621093,0.05999999999994543,17.572713425292967,0.12772369384765625,0
810.8243818283081,0.7936836120605468,0.05999999999994543,17.45865229858398,0.14298248291015625,0
810.8283944129944,0.7754066345214844,0.03999999999996362,17.75767741455078,0.12772369384765625,0
810.8323991298676,0.7202308532714844,0.13999999999998636,17.560382492675778,0.13535308837890625,0
810.8374214172363,0.6464332458496094,-0.03999999999996362,17.563465225830075,0.12009429931640625,0
810.8423998355865,0.6402259704589843,0.03999999999996362,17.406245834960934,0.12009429931640625,0
810.8473258018494,0.7116096374511719,0.03999999999996362,17.58812709106445,0.13535308837890625,0
810.8523278236389,0.8440315124511718,0.01999999999998181,17.646699020996092,0.12772369384765625,0
810.8570761680603,0.9757636901855469,0.10000000000002274,17.449404099121093,0.09720611572265625,0
810.8715074062347,0.6967811462402344,0.05999999999994543,17.523389694824218,0.10483551025390625,0
810.9014918804169,0.6874702331542969,0.01999999999998181,17.671360886230467,0.12772369384765625,0
810.9178037643433,0.5857398864746094,0.01999999999998181,17.66827815307617,0.12772369384765625,0
810.9228284358978,0.7323005554199219,0.12000000000000455,17.45248683227539,0.12772369384765625,0
810.9275147914886,0.8736884948730468,0.08000000000004093,17.338425705566404,0.13535308837890625,0
810.9334402084351,0.8433418151855469,0.08000000000004093,17.529555161132812,0.12772369384765625,0
810.9368298053741,0.7254035827636719,0.15999999999996817,17.523389694824218,0.12009429931640625,0
810.9429790973663,0.6343635437011719,0.05999999999994543,17.307598374023435,0.14298248291015625,0
810.947991847992,0.5798774597167968,0.17999999999994998,17.523389694824218,0.10483551025390625,0
810.9530682563782,0.6129829284667968,0.10000000000002274,17.514141495361326,0.14298248291015625,0
810.9581816196442,0.8398933288574219,0.03999999999996362,17.38158396972656,0.14298248291015625,0
810.9624016284943,0.9392097351074218,0.03999999999996362,18.364975845947264,0.09720611572265625,0
810.9679520130157,0.7633369323730469,0.13999999999998636,17.609706223144528,0.13535308837890625,0
810.9733982086182,0.7405769226074218,0.03999999999996362,17.400080368652343,0.12009429931640625,0
810.9933936595917,0.5774635192871094,0.12000000000000455,17.276771042480465,0.14298248291015625,0
811.0192303657532,0.6247077819824218,0.08000000000004093,17.58812709106445,0.14298248291015625,0
811.0322449207306,0.7902351257324218,0.15999999999996817,17.48947963012695,0.14298248291015625,0
811.0373466014862,0.9116218444824218,0.17999999999994998,17.50181056274414,0.12772369384765625,0
811.042218208313,0.7636817810058594,0.17999999999994998,17.387749436035154,0.12009429931640625,0
811.0472974777222,0.6716071960449218,0.17999999999994998,17.548051560058592,0.12009429931640625,0
811.0522592067719,0.6553993103027344,0.10000000000002274,17.603540756835937,0.15061187744140625,0
811.057404756546,0.5519447204589844,0.0,17.43090770019531,0.12772369384765625,0
811.0622320175171,0.4898719665527343,0.10000000000002274,17.85632487548828,0.12772369384765625,0
811.0673205852509,0.6036720153808594,0.05999999999994543,17.529555161132812,0.12772369384765625,0
811.0722427368164,0.9002418395996094,0.15999999999996817,17.433990433349607,0.12772369384765625,0
811.0772604942322,0.9905921813964843,0.15999999999996817,17.33226023925781,0.14298248291015625,0
811.0822465419769,0.7395423767089844,0.10000000000002274,17.535720627441403,0.10483551025390625,0
811.102258682251,0.5922920104980469,0.0,17.62820262207031,0.12772369384765625,0
811.133288860321,0.6767799255371093,0.10000000000002274,17.56963069213867,0.10483551025390625,0
811.1423056125641,0.6136726257324219,0.05999999999994543,17.446321365966796,0.10483551025390625,0
811.1464293003082,0.5460822937011719,0.12000000000000455,17.94264140380859,0.12009429931640625,0
811.1502025127411,0.5036659118652344,0.03999999999996362,17.575796158447265,0.12772369384765625,0
811.1542139053345,0.4795265075683593,0.03999999999996362,17.560382492675778,0.10483551025390625,0
811.1582956314087,0.5184944030761719,0.17999999999994998,17.45865229858398,0.12772369384765625,0
811.1623847484589,0.7485084411621094,0.10000000000002274,17.862490341796875,0.12009429931640625,0
811.1683487892151,0.9192085144042969,0.05999999999994543,17.66827815307617,0.12009429931640625,0
811.1724276542664,0.7788551208496094,0.13999999999998636,17.486396896972654,0.12009429931640625,0
811.1783151626587,0.7650611755371094,0.13999999999998636,17.828580277099608,0.09720611572265625,0
811.1823680400848,0.7691993591308594,0.10000000000002274,17.56963069213867,0.10483551025390625,0
811.1873681545258,0.6988502380371093,0.05999999999994543,17.563465225830075,0.13535308837890625,0
811.1923778057098,0.6840217468261719,0.03999999999996362,17.433990433349607,0.09720611572265625,0
811.206419467926,0.5678077575683593,0.01999999999998181,17.483314163818356,0.09720611572265625,0
811.2373189926147,0.7116096374511719,0.01999999999998181,17.566547958984373,0.12772369384765625,0
811.2543268203735,0.6157417175292969,0.03999999999996362,17.548051560058592,0.10483551025390625,0
811.2583913803101,0.6005683776855468,0.13999999999998636,17.464817764892576,0.12009429931640625,0
811.2623281478882,0.5550483581542969,0.01999999999998181,18.04437159790039,0.10483551025390625,0
811.2673528194427,0.5057350036621093,0.01999999999998181,17.58812709106445,0.09720611572265625,0
811.2725439071655,0.4778022644042968,0.12000000000000455,17.504893295898437,0.12009429931640625,0
811.2772300243378,0.4812507507324218,0.08000000000004093,17.38158396972656,0.09720611572265625,0
811.282425403595,0.5229774353027343,0.03999999999996362,17.572713425292967,0.12009429931640625,0
811.2883777618408,0.6236732360839844,0.01999999999998181,17.514141495361326,0.14298248291015625,0
811.2923939228058,0.7164375183105468,0.08000000000004093,17.449404099121093,0.10483551025390625,0
811.2984302043915,0.7816139099121093,0.08000000000004093,17.575796158447265,0.10483551025390625,0
811.3024060726166,0.6688484069824219,0.05999999999994543,17.66827815307617,0.12009429931640625,0
811.3225102424622,0.5412544128417969,0.15999999999996817,17.504893295898437,0.13535308837890625,0
811.3528423309326,0.7340247985839844,0.12000000000000455,17.591209824218748,0.10483551025390625,0
811.3621819019318,0.5895332214355469,0.08000000000004093,17.976551468505857,0.12772369384765625,0
811.3648483753204,0.5960853454589844,0.12000000000000455,17.55113429321289,0.12009429931640625,0
811.369481086731,0.5916023132324219,0.12000000000000455,17.646699020996092,0.12772369384765625,0
811.3734467029572,0.6116035339355469,0.05999999999994543,17.464817764892576,0.09720611572265625,0
811.3774828910828,0.6526405212402343,0.15999999999996817,17.369253037109374,0.12772369384765625,0
811.382805109024,0.7719581481933594,0.15999999999996817,17.566547958984373,0.12009429931640625,0
811.3873975276947,0.8898963806152344,0.15999999999996817,17.566547958984373,0.12772369384765625,0
811.3929657936096,0.8250648376464843,0.12000000000000455,17.356922104492185,0.12009429931640625,0
811.3983979225159,0.7216102478027343,0.15999999999996817,17.560382492675778,0.10483551025390625,0
811.4018104076385,0.7660957214355468,-0.05999999999994543,17.655947220458984,0.12772369384765625,0
811.4068129062653,0.6633308288574219,0.05999999999994543,17.47098323120117,0.10483551025390625,0
811.4279026985168,0.4946998474121093,0.05999999999994543,17.828580277099608,0.12009429931640625,0
811.4583055973053,0.8143745300292968,0.13999999999998636,17.45865229858398,0.12772369384765625,0
811.4668323993683,0.6426399108886719,-0.01999999999998181,17.597375290527342,0.12772369384765625,0
811.4713973999023,0.6602271911621094,0.05999999999994543,17.544968826904295,0.12772369384765625,0
811.473952293396,0.7650611755371094,0.15999999999996817,17.45865229858398,0.13535308837890625,0
811.4784052371979,0.8481696960449219,0.15999999999996817,17.662112686767575,0.12772369384765625,0
811.4823968410492,0.9330024597167969,0.12000000000000455,17.548051560058592,0.10483551025390625,0
811.4878602027893,0.9871436950683593,0.05999999999994543,17.495645096435545,0.13535308837890625,0
811.4932985305786,0.9764533874511718,-0.12000000000000455,17.326094772949215,0.12009429931640625,0
811.4978744983673,0.9154151794433594,-0.01999999999998181,17.532637894287106,0.14298248291015625,0
811.5019652843475,0.9581764099121093,-0.01999999999998181,17.625119888916014,0.14298248291015625,0
811.5079803466797,0.9861091491699219,0.10000000000002274,17.39083216918945,0.12772369384765625,0
811.5128123760223,0.8892066833496093,0.01999999999998181,17.674443619384764,0.12772369384765625,0
811.5178678035736,0.8060981628417968,0.13999999999998636,17.609706223144528,0.15061187744140625,0
811.5228803157806,0.8112708923339843,-0.05999999999994543,17.400080368652343,0.12772369384765625,0
811.552928686142,0.9219673034667968,0.05999999999994543,17.514141495361326,0.13535308837890625,0
811.6059601306915,0.7719581481933594,0.01999999999998181,17.418576767578124,0.14298248291015625,0
811.6229701042175,0.7409217712402344,0.13999999999998636,17.42165950073242,0.14298248291015625,0
811.6275289058685,0.7229896423339843,0.03999999999996362,17.828580277099608,0.12772369384765625,0
811.6405463218689,0.5605659362792969,0.08000000000004093,17.406245834960934,0.12772369384765625,0
811.6706125736237,0.7460945007324219,0.05999999999994543,17.504893295898437,0.12772369384765625,0
811.6876327991486,0.5843604919433594,0.10000000000002274,17.48023143066406,0.12772369384765625,0
811.6916465759277,0.5495307800292969,0.01999999999998181,17.40932856811523,0.12772369384765625,0
811.6965670585632,0.5329780456542969,0.03999999999996362,17.594292557373045,0.12772369384765625,0
811.7015814781189,0.5436683532714843,0.15999999999996817,17.625119888916014,0.12009429931640625,0
811.7066349983215,0.6629859802246093,-0.03999999999996362,17.427824967041015,0.12009429931640625,0
811.7117953300476,0.7057472106933593,-0.03999999999996362,18.115274460449218,0.12772369384765625,0
811.7168009281158,0.7964424011230469,0.17999999999994998,17.535720627441403,0.09720611572265625,0
811.7226297855377,0.7643714782714843,0.13999999999998636,17.433990433349607,0.10483551025390625,0
811.7266354560852,0.7878211853027344,0.08000000000004093,17.33226023925781,0.12772369384765625,0
811.7317719459534,0.6343635437011719,0.03999999999996362,17.544968826904295,0.12772369384765625,0
811.7383944988251,0.6060859558105469,0.01999999999998181,17.492562363281248,0.12772369384765625,0
811.7515716552734,0.5460822937011719,0.08000000000004093,17.643616287841795,0.12009429931640625,0
811.7878067493439,0.5247016784667968,0.08000000000004093,17.514141495361326,0.10483551025390625,0
811.826761007309,0.7619575378417969,0.13999999999998636,17.378501236572262,0.10483551025390625,0
811.8306956291199,0.8105811950683594,0.15999999999996817,17.572713425292967,0.10483551025390625,0
811.8347556591034,0.7433357116699219,0.13999999999998636,17.69602275146484,0.12009429931640625,0
811.8387749195099,0.7236793395996094,-0.03999999999996362,17.504893295898437,0.10483551025390625,0
811.8441503047943,0.6412605163574219,-0.03999999999996362,17.406245834960934,0.10483551025390625,0
811.8482320308685,0.6350532409667968,0.08000000000004093,17.566547958984373,0.12009429931640625,0
811.8782644271851,0.8843788024902344,0.03999999999996362,17.597375290527342,0.12009429931640625,0
811.9323925971985,0.6147071716308593,0.15999999999996817,17.572713425292967,0.09720611572265625,0
811.9493005275726,0.7664405700683593,0.13999999999998636,17.585044357910153,0.12772369384765625,0
811.9523024559021,0.8395484802246094,0.0,17.683691818847656,0.12009429931640625,0
811.9674649238586,0.7619575378417969,0.0,17.58812709106445,0.12009429931640625,0
811.9967663288116,0.8343757507324219,0.20000000000004547,17.625119888916014,0.12772369384765625,0
812.0137655735016,0.7143684265136718,0.05999999999994543,17.585044357910153,0.14298248291015625,0
812.0177760124207,0.7347144958496094,0.05999999999994543,17.683691818847656,0.13535308837890625,0
812.0224778652191,0.6405708190917968,0.08000000000004093,17.492562363281248,0.10483551025390625,0
812.0267481803894,0.6019477722167969,0.05999999999994543,17.37233577026367,0.12772369384765625,0
812.0318145751953,0.5612556335449219,0.01999999999998181,17.566547958984373,0.12772369384765625,0
812.038391828537,0.5333228942871093,0.01999999999998181,17.526472427978515,0.10483551025390625,0
812.0433351993561,0.5553932067871094,0.15999999999996817,17.344591171875,0.10483551025390625,0
812.0469014644623,0.6222938415527344,0.05999999999994543,17.66827815307617,0.14298248291015625,0
812.0529115200043,0.7523017761230468,0.17999999999994998,17.591209824218748,0.13535308837890625,0
812.0579152107239,0.7923042175292968,0.13999999999998636,17.45865229858398,0.10483551025390625,0
812.0628147125244,0.7188514587402344,0.08000000000004093,17.896400406494138,0.12772369384765625,0
812.0764837265015,0.6295356628417969,0.03999999999996362,17.378501236572262,0.10483551025390625,0
812.1063930988312,0.7098853942871094,0.01999999999998181,17.48023143066406,0.12009429931640625,0
812.1233019828796,0.6747108337402343,0.08000000000004093,17.483314163818356,0.12772369384765625,0
812.126882314682,0.6847114440917969,-0.01999999999998181,17.369253037109374,0.10483551025390625,0
812.1330235004425,0.5705665466308594,-0.01999999999998181,17.572713425292967,0.12772369384765625,0
812.1382060050964,0.5974647399902344,-0.01999999999998181,17.514141495361326,0.12772369384765625,0
812.1424803733826,0.6295356628417969,0.17999999999994998,17.4432386328125,0.12772369384765625,0
812.1484129428864,0.7716132995605468,0.13999999999998636,17.535720627441403,0.13535308837890625,0
812.1529641151428,0.8809303161621094,-0.05999999999994543,17.563465225830075,0.14298248291015625,0
812.1580259799957,0.9064491149902343,0.03999999999996362,17.40932856811523,0.15061187744140625,0
812.1630237102509,0.7954078552246093,0.13999999999998636,18.096778061523434,0.15061187744140625,0
812.1680235862732,0.8043739196777343,0.13999999999998636,17.612788956298825,0.14298248291015625,0
812.1730194091797,0.7364387390136719,0.03999999999996362,17.41241130126953,0.14298248291015625,0
812.193044424057,1.0495612976074218,0.15999999999996817,17.276771042480465,0.12772369384765625,0
812.224198102951,0.6774696228027344,0.10000000000002274,17.387749436035154,0.12772369384765625,0
812.2331058979034,0.8536872741699219,0.05999999999994543,17.504893295898437,0.12009429931640625,0
812.238119840622,0.9505897399902343,0.08000000000004093,17.45248683227539,0.12009429931640625,0
812.2431282997131,0.9247260925292968,0.13999999999998636,17.298350174560547,0.12772369384765625,0
812.2484209537506,0.8554115173339844,0.10000000000002274,17.51105876220703,0.12009429931640625,0
812.253054857254,0.8147193786621093,0.05999999999994543,17.55113429321289,0.12009429931640625,0
812.2580480575562,0.7964424011230469,0.05999999999994543,17.403163101806637,0.13535308837890625,0
812.2631452083588,0.7285072204589843,0.13999999999998636,18.019709732666012,0.12772369384765625,0
812.2680838108063,0.6816078063964843,0.13999999999998636,17.612788956298825,0.14298248291015625,0
812.2727468013763,0.7205757019042969,0.03999999999996362,17.418576767578124,0.12772369384765625,0
812.2770771980286,0.8302375671386718,0.0,17.304515640869138,0.12009429931640625,0
812.2824187278748,0.9961097595214843,0.0,17.495645096435545,0.12009429931640625,0
812.2964696884155,0.7823036071777344,0.10000000000002274,18.198508255615234,0.12772369384765625,0
812.3254039287567,0.8278236267089844,0.17999999999994998,17.406245834960934,0.13535308837890625,0
812.3418958187103,0.7005744812011718,0.03999999999996362,17.40932856811523,0.12772369384765625,0
812.3462183475494,0.7119544860839844,0.05999999999994543,18.173846390380856,0.12772369384765625,0
812.3504786491394,0.5726356384277344,0.20000000000004547,17.544968826904295,0.12772369384765625,0
812.3537971973419,0.4474555847167968,0.15999999999996817,17.532637894287106,0.13535308837890625,0
812.3588025569916,0.42193678588867184,0.15999999999996817,17.38158396972656,0.12772369384765625,0
812.3632855415344,0.5378059265136719,0.08000000000004093,18.096778061523434,0.15061187744140625,0
812.3674209117889,0.7164375183105468,0.01999999999998181,17.541886093749998,0.12772369384765625,0
812.3734781742096,0.7054023620605469,0.01999999999998181,17.45865229858398,0.10483551025390625,0
812.3773829936981,0.5322883483886719,-0.03999999999996362,17.350756638183594,0.09720611572265625,0
812.382310628891,0.47021559448242184,0.13999999999998636,17.55113429321289,0.10483551025390625,0
812.3873136043549,0.5353919860839844,0.10000000000002274,17.572713425292967,0.10483551025390625,0
812.3923227787018,0.3543464538574218,0.20000000000004547,17.449404099121093,0.12009429931640625,0
812.406328201294,0.9243812438964844,-0.01999999999998181,17.45865229858398,0.14298248291015625,0
812.4653670787811,0.6588477966308594,-0.01999999999998181,17.55113429321289,0.10483551025390625,0
812.4834187030792,0.7623023864746094,0.03999999999996362,17.585044357910153,0.12772369384765625,0
812.4872028827667,0.7409217712402344,0.08000000000004093,17.575796158447265,0.13535308837890625,0
812.4923846721649,0.8464454528808594,0.08000000000004093,17.449404099121093,0.12772369384765625,0
812.4972946643829,0.6685035583496094,0.20000000000004547,17.622037155761717,0.12009429931640625,0
812.5024318695068,0.7464393493652344,0.10000000000002274,17.652864487304686,0.12772369384765625,0
812.5223433971405,0.7998908874511719,0.05999999999994543,17.48947963012695,0.12009429931640625,0
812.55335688591,0.8012702819824219,0.0,17.606623489990234,0.13535308837890625,0
812.562371969223,0.8843788024902344,0.12000000000000455,18.001213333740232,0.12009429931640625,0
812.5663657188416,0.9109321472167968,0.01999999999998181,17.566547958984373,0.10483551025390625,0
812.5703744888306,0.7543708679199218,0.10000000000002274,17.594292557373045,0.12009429931640625,0
812.5734484195709,0.7936836120605468,0.10000000000002274,17.474065964355468,0.12772369384765625,0
812.5774714946747,0.7512672302246094,0.03999999999996362,17.360004837646482,0.12009429931640625,0
812.5834038257599,0.7416114685058594,0.03999999999996362,17.58812709106445,0.12009429931640625,0
812.5874004364014,0.6067756530761719,0.01999999999998181,17.58812709106445,0.13535308837890625,0
812.5924062728882,0.6233283874511718,0.10000000000002274,17.45865229858398,0.10483551025390625,0
812.5974023342133,0.5857398864746094,0.08000000000004093,17.612788956298825,0.08957672119140625,0
812.6034092903137,0.5947059509277344,0.17999999999994998,17.609706223144528,0.12009429931640625,0
812.6074185371399,0.6529853698730469,-0.01999999999998181,17.474065964355468,0.12009429931640625,0
812.6133940219879,0.8523078796386718,-0.01999999999998181,17.899483139648435,0.12009429931640625,0
812.6275024414062,0.6743659851074219,0.08000000000004093,17.360004837646482,0.13535308837890625,0
812.6558439731598,0.6750556823730468,0.0,17.46173503173828,0.12009429931640625,0
812.6728367805481,0.8343757507324219,0.03999999999996362,17.42165950073242,0.14298248291015625,0
812.6768667697906,0.7474738952636718,0.10000000000002274,17.289101975097655,0.14298248291015625,0
812.6831481456757,0.6585029479980469,0.10000000000002274,17.50797602905273,0.15061187744140625,0
812.6882126331329,0.7019538757324219,0.10000000000002274,17.449404099121093,0.13535308837890625,0
812.6923804283142,0.6340186950683594,0.15999999999996817,17.38158396972656,0.14298248291015625,0
812.696769952774,0.8085121032714844,0.2599999999999909,17.529555161132812,0.13535308837890625,0
812.7029809951782,0.8923103210449218,0.2599999999999909,17.532637894287106,0.12772369384765625,0
812.7083854675293,0.8571357604980469,0.15999999999996817,17.384666702880857,0.12009429931640625,0
812.7124078273773,0.7423011657714843,0.08000000000004093,17.79467021240234,0.14298248291015625,0
812.7174341678619,0.7323005554199219,0.03999999999996362,17.492562363281248,0.12772369384765625,0
812.7224252223969,0.7119544860839844,0.15999999999996817,17.403163101806637,0.12772369384765625,0
812.7428278923035,0.8295478698730469,0.10000000000002274,17.28293650878906,0.13535308837890625,0
812.7698442935944,0.5981544372558594,0.10000000000002274,17.532637894287106,0.12772369384765625,0
812.7833847999573,1.1271522399902343,0.13999999999998636,17.514141495361326,0.14298248291015625,0
812.7873847484589,0.8823097106933593,0.15999999999996817,17.523389694824218,0.12009429931640625,0
812.7928192615509,0.8629981872558593,0.15999999999996817,17.307598374023435,0.12772369384765625,0
812.7970600128174,0.7543708679199218,0.01999999999998181,17.692940018310544,0.12009429931640625,0
812.8018944263458,0.8095466491699218,0.08000000000004093,17.62820262207031,0.12772369384765625,0
812.8073246479034,0.6336738464355468,0.03999999999996362,17.4401558996582,0.13535308837890625,0
812.8123331069946,0.6929878112792969,0.01999999999998181,18.096778061523434,0.13535308837890625,0
812.8173847198486,0.7947181579589844,0.12000000000000455,17.526472427978515,0.13535308837890625,0
812.8230254650116,0.8788612243652343,0.12000000000000455,17.4401558996582,0.10483551025390625,0
812.8283462524414,0.9854194519042968,0.03999999999996362,17.467900498046873,0.10483551025390625,0
812.8323659896851,0.8778266784667969,-0.01999999999998181,17.532637894287106,0.10483551025390625,0
812.8598279953003,0.6750556823730468,0.10000000000002274,17.33226023925781,0.14298248291015625,0
812.9248824119568,0.4588355895996093,0.05999999999994543,17.464817764892576,0.10483551025390625,0
812.9479465484619,0.7319557067871093,0.05999999999994543,17.563465225830075,0.12009429931640625,0
812.9660122394562,0.6274665710449219,0.03999999999996362,17.58196162475586,0.13535308837890625,0
813.008031129837,0.7274726745605469,0.03999999999996362,17.45865229858398,0.12772369384765625,0
813.0253767967224,0.5612556335449219,0.08000000000004093,17.467900498046873,0.09720611572265625,0
813.0280885696411,0.5219428894042969,0.05999999999994543,17.464817764892576,0.08194732666015625,0
813.0334737300873,0.48745802612304684,0.05999999999994543,17.594292557373045,0.09720611572265625,0
813.0374658107758,0.4740089294433593,0.10000000000002274,17.591209824218748,0.12772369384765625,0
813.0433828830719,0.4709052917480468,0.03999999999996362,17.384666702880857,0.12772369384765625,0
813.0483858585358,0.4812507507324218,0.01999999999998181,17.572713425292967,0.10483551025390625,0
813.0611548423767,0.8529975769042968,0.12000000000000455,17.400080368652343,0.09720611572265625,0
813.090204000473,0.5791877624511719,0.08000000000004093,17.48947963012695,0.13535308837890625,0
813.1074764728546,0.6985053894042969,0.13999999999998636,17.48023143066406,0.12772369384765625,0
813.111722946167,0.7760963317871094,0.10000000000002274,17.98271693481445,0.12009429931640625,0
813.1168067455292,0.8561012145996093,-0.01999999999998181,17.566547958984373,0.12772369384765625,0
813.1233863830566,0.7781654235839843,-0.01999999999998181,17.48023143066406,0.09720611572265625,0
813.1273889541626,0.7250587341308593,0.05999999999994543,17.369253037109374,0.15061187744140625,0
813.1324646472931,0.7136787292480469,0.03999999999996362,17.563465225830075,0.10483551025390625,0
813.1365213394165,0.6819526550292968,0.01999999999998181,17.58812709106445,0.12009429931640625,0
813.1415681838989,0.6298805114746093,0.13999999999998636,17.464817764892576,0.10483551025390625,0
813.1468288898468,0.5771186706542969,-0.03999999999996362,17.652864487304686,0.12772369384765625,0
813.1529772281647,0.5643592712402343,-0.03999999999996362,17.62820262207031,0.09720611572265625,0
813.1583812236786,0.5302192565917969,0.03999999999996362,17.464817764892576,0.12009429931640625,0
813.1630940437317,0.5512550231933594,0.01999999999998181,17.979634201660154,0.12772369384765625,0
813.1861093044281,0.9026557800292968,0.13999999999998636,17.6374508215332,0.10483551025390625,0
813.231139421463,0.8026496765136718,-0.03999999999996362,17.575796158447265,0.12009429931640625,0
813.2483808994293,0.7757514831542969,-0.05999999999994543,17.58196162475586,0.14298248291015625,0
813.2521982192993,0.7967872497558594,-0.03999999999996362,17.674443619384764,0.10483551025390625,0
813.2572438716888,0.8436866638183593,0.15999999999996817,17.48023143066406,0.12009429931640625,0
813.2621829509735,0.7726478454589844,0.0,18.3279830480957,0.10483551025390625,0
813.2681329250336,0.7054023620605469,-0.03999999999996362,17.674443619384764,0.10483551025390625,0
813.2894017696381,0.6340186950683594,-0.03999999999996362,17.48947963012695,0.10483551025390625,0
813.3152177333832,0.8326515075683594,0.03999999999996362,17.535720627441403,0.13535308837890625,0
813.3282346725464,0.7612678405761718,0.05999999999994543,17.369253037109374,0.15061187744140625,0
813.3322350978851,0.7854072448730468,0.03999999999996362,17.50181056274414,0.14298248291015625,0
813.3372399806976,0.7291969177246094,0.12000000000000455,17.52030696166992,0.14298248291015625,0
813.342321395874,0.6957466003417968,0.08000000000004093,17.378501236572262,0.12772369384765625,0
813.3474774360657,0.6660896179199218,0.03999999999996362,17.646699020996092,0.14298248291015625,0
813.3521485328674,0.7660957214355468,0.01999999999998181,17.594292557373045,0.12772369384765625,0
813.3574075698853,0.8495490905761718,0.01999999999998181,17.406245834960934,0.15061187744140625,0
813.3634088039398,0.8357551452636719,0.12000000000000455,18.038206131591796,0.12772369384765625,0
813.3683722019196,0.7823036071777344,0.03999999999996362,17.606623489990234,0.12772369384765625,0
813.3724071979523,0.7602332946777344,0.0,17.427824967041015,0.15061187744140625,0
813.3781781196594,0.7236793395996094,0.10000000000002274,17.356922104492185,0.14298248291015625,0
813.3907899856567,0.5415992614746094,0.05999999999994543,17.400080368652343,0.12772369384765625,0
813.4208147525787,0.6709174987792969,0.17999999999994998,17.495645096435545,0.13535308837890625,0
813.4379076957703,0.5102180358886719,0.05999999999994543,17.483314163818356,0.13535308837890625,0
813.4426429271698,0.5184944030761719,0.10000000000002274,17.310681107177732,0.14298248291015625,0
813.4473214149475,0.5422889587402344,0.13999999999998636,17.760760147705078,0.12772369384765625,0
813.4518721103668,0.7164375183105468,0.13999999999998636,17.606623489990234,0.13535308837890625,0
813.4577162265778,0.9395545837402344,0.08000000000004093,17.384666702880857,0.12772369384765625,0
813.4624717235565,0.8674812194824219,0.0,18.30023844970703,0.10483551025390625,0
813.4678740501404,0.7436805603027343,0.08000000000004093,17.622037155761717,0.13535308837890625,0
813.4718723297119,0.7285072204589843,0.05999999999994543,17.449404099121093,0.12772369384765625,0
813.477459192276,0.7226447937011719,0.01999999999998181,17.310681107177732,0.12772369384765625,0
813.4823791980743,0.5971198913574218,0.01999999999998181,17.514141495361326,0.12772369384765625,0
813.4873785972595,0.6009132263183594,0.10000000000002274,17.548051560058592,0.13535308837890625,0
813.4933726787567,0.5816017028808593,0.05999999999994543,17.319929306640624,0.13535308837890625,0
813.5232062339783,0.6160865661621093,0.17999999999994998,17.46173503173828,0.12009429931640625,0
813.6002349853516,0.6905738708496093,0.13999999999998636,17.575796158447265,0.09720611572265625,0
813.630303144455,1.0133521911621093,0.0,17.739181015624997,0.10483551025390625,0
813.6519165039062,0.6067756530761719,0.13999999999998636,17.67752635253906,0.14298248291015625,0
813.7109861373901,0.5240119812011719,0.0,17.403163101806637,0.12009429931640625,0
813.7340064048767,0.7260932800292969,0.10000000000002274,17.575796158447265,0.10483551025390625,0
813.7474553585052,0.6622962829589844,0.01999999999998181,17.662112686767575,0.12009429931640625,0
813.7768650054932,0.5519447204589844,0.13999999999998636,17.36308757080078,0.10483551025390625,0
813.7943606376648,0.7764411804199218,0.05999999999994543,17.36308757080078,0.12772369384765625,0
813.7972798347473,0.7250587341308593,0.0,17.723767349853514,0.10483551025390625,0
813.8018801212311,0.7457496520996093,0.03999999999996362,17.689857285156247,0.12009429931640625,0
813.8067405223846,0.7740272399902344,0.17999999999994998,17.486396896972654,0.12772369384765625,0
813.8120234012604,0.6864356872558594,0.17999999999994998,17.988882401123046,0.10483551025390625,0
813.8168478012085,0.6622962829589844,0.13999999999998636,17.585044357910153,0.12772369384765625,0
813.8374783992767,0.5481513854980469,0.12000000000000455,17.597375290527342,0.10483551025390625,0
813.8629658222198,0.8871375915527343,-0.05999999999994543,18.056702530517576,0.10483551025390625,0
813.8761050701141,0.7474738952636718,-0.01999999999998181,17.42165950073242,0.12772369384765625,0
813.8797326087952,0.7416114685058594,0.10000000000002274,17.896400406494138,0.12772369384765625,0
813.8837380409241,0.6247077819824218,0.15999999999996817,17.591209824218748,0.12009429931640625,0
813.8878004550934,0.5922920104980469,0.15999999999996817,17.55113429321289,0.12009429931640625,0
813.8923745155334,0.6374671813964844,0.10000000000002274,17.45865229858398,0.10483551025390625,0
813.8983747959137,0.5905677673339844,-0.08000000000004093,17.572713425292967,0.12772369384765625,0
813.9018077850342,0.48331984252929683,0.01999999999998181,17.69602275146484,0.10483551025390625,0
813.9069094657898,0.5133216735839844,0.01999999999998181,17.474065964355468,0.10483551025390625,0
813.912905216217,0.7523017761230468,0.13999999999998636,18.08136439575195,0.12772369384765625,0
813.9179446697235,1.0988746520996093,0.10000000000002274,17.63128535522461,0.12009429931640625,0
813.9228620529175,1.0130073425292967,0.20000000000004547,17.449404099121093,0.13535308837890625,0
813.9443991184235,0.7788551208496094,0.15999999999996817,17.30143290771484,0.12772369384765625,0
813.970458984375,0.9212776062011718,0.12000000000000455,17.544968826904295,0.12772369384765625,0
813.9833693504333,0.8454109069824218,0.10000000000002274,17.52030696166992,0.10483551025390625,0
813.98748087883,0.8009254333496093,0.17999999999994998,17.514141495361326,0.14298248291015625,0
813.9933652877808,0.7536811706542969,0.17999999999994998,17.310681107177732,0.13535308837890625,0
813.9974060058594,0.7122993347167969,0.10000000000002274,17.625119888916014,0.14298248291015625,0
814.0016927719116,0.6967811462402344,0.01999999999998181,17.594292557373045,0.13535308837890625,0
814.0074677467346,0.6871253845214843,0.0,17.400080368652343,0.13535308837890625,0
814.0117716789246,0.6643653747558593,-0.03999999999996362,17.77617381347656,0.13535308837890625,0
814.0177319049835,0.7705787536621094,0.22000000000002728,17.591209824218748,0.15061187744140625,0
814.0234160423279,0.8681709167480468,0.12000000000000455,17.406245834960934,0.12772369384765625,0
814.0274832248688,0.8512733337402343,0.12000000000000455,17.267522843017577,0.10483551025390625,0
814.0333743095398,0.7412666198730469,0.05999999999994543,17.514141495361326,0.09720611572265625,0
814.046374797821,0.6395362731933594,0.03999999999996362,17.899483139648435,0.12772369384765625,0
814.0762069225311,0.7578193542480468,0.0,17.36308757080078,0.12772369384765625,0
814.0932183265686,0.5415992614746094,0.17999999999994998,17.326094772949215,0.14298248291015625,0
814.0974159240723,0.5229774353027343,0.05999999999994543,17.831663010253905,0.12772369384765625,0
814.1017167568207,0.5816017028808593,0.08000000000004093,17.63128535522461,0.12772369384765625,0
814.1072278022766,0.5740150329589844,0.20000000000004547,17.43090770019531,0.12009429931640625,0
814.111656665802,0.5867744323730468,0.20000000000004547,18.247831986083984,0.12772369384765625,0
814.1171588897705,0.6819526550292968,0.20000000000004547,17.514141495361326,0.12009429931640625,0
814.1233732700348,0.7164375183105468,0.10000000000002274,17.446321365966796,0.14298248291015625,0
814.1269302368164,0.6222938415527344,0.15999999999996817,17.32301203979492,0.10483551025390625,0
814.1324515342712,0.5388404724121094,0.08000000000004093,17.532637894287106,0.14298248291015625,0
814.1377856731415,0.5850501892089843,0.05999999999994543,17.529555161132812,0.09720611572265625,0
814.1417903900146,0.43745497436523434,0.10000000000002274,17.4401558996582,0.12009429931640625,0
814.1618075370789,0.7719581481933594,0.10000000000002274,18.247831986083984,0.12009429931640625,0
814.1929948329926,0.37365797729492184,0.05999999999994543,17.384666702880857,0.12009429931640625,0
814.2018065452576,0.6705726501464844,0.15999999999996817,17.665195419921872,0.10483551025390625,0
814.2058129310608,0.7840278503417969,0.03999999999996362,17.47098323120117,0.10483551025390625,0
814.2098114490509,0.6881599304199219,0.10000000000002274,17.366170303955077,0.09720611572265625,0
814.214029788971,0.5291847106933594,0.03999999999996362,17.652864487304686,0.10483551025390625,0
814.219131231308,0.5109077331542968,0.03999999999996362,17.66827815307617,0.12009429931640625,0
814.2233247756958,0.5702216979980469,0.12000000000000455,17.48023143066406,0.14298248291015625,0
814.2278151512146,0.4467658874511718,0.05999999999994543,17.403163101806637,0.12009429931640625,0
814.2334032058716,0.38986586303710935,0.01999999999998181,17.560382492675778,0.12772369384765625,0
814.2383420467377,0.6343635437011719,0.01999999999998181,17.52030696166992,0.13535308837890625,0
814.2424592971802,1.0088691589355467,0.05999999999994543,17.42165950073242,0.10483551025390625,0
814.2474098205566,0.7912696716308594,0.15999999999996817,17.760760147705078,0.12009429931640625,0
814.2522282600403,0.6681587097167968,0.10000000000002274,17.674443619384764,0.12772369384765625,0
814.2733669281006,0.6350532409667968,0.10000000000002274,17.48023143066406,0.12009429931640625,0
814.2993986606598,0.7554054138183594,0.05999999999994543,17.58196162475586,0.12772369384765625,0
814.3117907047272,0.6509162780761718,0.10000000000002274,18.019709732666012,0.12009429931640625,0
814.3157885074615,0.6891944763183594,0.03999999999996362,17.56963069213867,0.12009429931640625,0
814.3198184967041,0.8209266540527344,0.08000000000004093,17.597375290527342,0.12009429931640625,0
814.3243501186371,0.8278236267089844,0.03999999999996362,17.467900498046873,0.12009429931640625,0
814.3283650875092,0.8674812194824219,0.01999999999998181,17.403163101806637,0.12009429931640625,0
814.3332099914551,0.7895454284667969,0.01999999999998181,17.566547958984373,0.10483551025390625,0
814.3373172283173,0.7850623962402343,0.10000000000002274,17.58812709106445,0.12772369384765625,0
814.341804265976,0.7547157165527344,0.05999999999994543,17.449404099121093,0.12772369384765625,0
814.3481779098511,0.6995399353027344,0.03999999999996362,17.56963069213867,0.12009429931640625,0
814.3522140979767,0.6453986999511718,0.03999999999996362,17.683691818847656,0.12772369384765625,0
814.3572328090668,0.6185005065917969,0.12000000000000455,17.48023143066406,0.12009429931640625,0
814.3622355461121,0.5681526062011719,-0.05999999999994543,18.065950729980468,0.14298248291015625,0
814.3754281997681,0.5312538024902344,0.05999999999994543,17.45865229858398,0.12772369384765625,0
814.405787229538,0.6471229431152343,0.01999999999998181,17.486396896972654,0.12772369384765625,0
814.4228014945984,0.5088386413574219,0.05999999999994543,17.48947963012695,0.10483551025390625,0
814.4268000125885,0.45642164916992184,0.12000000000000455,17.356922104492185,0.12009429931640625,0
814.4328234195709,0.4929756042480468,0.13999999999998636,17.572713425292967,0.12772369384765625,0
814.4384036064148,0.6747108337402343,0.10000000000002274,17.544968826904295,0.12009429931640625,0
814.4422633647919,0.8098914978027344,0.20000000000004547,17.446321365966796,0.12772369384765625,0
814.4473786354065,0.6871253845214843,0.20000000000004547,17.847076676025388,0.10483551025390625,0
814.4518043994904,0.5743598815917969,0.12000000000000455,17.689857285156247,0.12009429931640625,0
814.4582703113556,0.5888435241699219,0.08000000000004093,17.464817764892576,0.12009429931640625,0
814.4618499279022,0.5605659362792969,0.03999999999996362,18.025875198974607,0.10483551025390625,0
814.4678544998169,0.43159254760742183,0.15999999999996817,17.67752635253906,0.12772369384765625,0
814.4729285240173,0.44883497924804683,0.08000000000004093,17.483314163818356,0.12009429931640625,0
814.4873697757721,0.8409278747558594,0.08000000000004093,17.56963069213867,0.12772369384765625,0
814.515941619873,0.7326454040527344,0.03999999999996362,17.504893295898437,0.12772369384765625,0
814.5329489707947,0.6874702331542969,0.05999999999994543,17.492562363281248,0.14298248291015625,0
814.5383689403534,0.7988563415527343,0.0,17.48023143066406,0.12772369384765625,0
814.5424509048462,0.8705848571777344,0.03999999999996362,17.39083216918945,0.12772369384765625,0
814.5472538471222,0.8219611999511719,0.0,18.08136439575195,0.13535308837890625,0
814.5519773960114,0.8319618103027343,-0.01999999999998181,17.609706223144528,0.10483551025390625,0
814.5576980113983,0.7992011901855468,-0.01999999999998181,17.406245834960934,0.12772369384765625,0
814.5617072582245,0.7633369323730469,0.12000000000000455,18.01662699951172,0.10483551025390625,0
814.5667161941528,0.8136848327636719,0.05999999999994543,17.514141495361326,0.15824127197265625,0
814.5720522403717,0.7843726989746094,-0.10000000000002274,17.446321365966796,0.13535308837890625,0
814.5783689022064,0.7116096374511719,0.03999999999996362,17.329177506103512,0.12772369384765625,0
814.5822076797485,0.7064369079589844,0.01999999999998181,17.504893295898437,0.12772369384765625,0
814.596216917038,0.6447090026855469,0.01999999999998181,18.146101791992187,0.12009429931640625,0
814.6252343654633,0.5336677429199219,-0.01999999999998181,17.384666702880857,0.14298248291015625,0
814.6424512863159,0.8319618103027343,0.05999999999994543,17.400080368652343,0.12772369384765625,0
814.6471989154816,0.7981666442871094,0.05999999999994543,17.98271693481445,0.12772369384765625,0
814.6522483825684,0.7919593688964843,0.13999999999998636,17.615871689453122,0.12009429931640625,0
814.6572856903076,0.7488532897949218,-0.03999999999996362,17.42165950073242,0.13535308837890625,0
814.6617891788483,0.7554054138183594,-0.08000000000004093,18.06286799682617,0.12009429931640625,0
814.6682569980621,0.7185066101074219,0.03999999999996362,17.58812709106445,0.14298248291015625,0
814.6723718643188,0.6912635681152344,0.17999999999994998,17.449404099121093,0.12772369384765625,0
814.6773688793182,0.6836768981933593,0.0,17.304515640869138,0.13535308837890625,0
814.6828730106354,0.6564338562011719,0.0,17.51105876220703,0.12772369384765625,0
814.6883678436279,0.6257423278808594,0.12000000000000455,17.50181056274414,0.09720611572265625,0
814.7012147903442,0.7726478454589844,0.08000000000004093,17.523389694824218,0.12009429931640625,0
814.7304594516754,0.7416114685058594,0.03999999999996362,18.155349991455076,0.14298248291015625,0
814.7468183040619,0.5978095886230469,-0.03999999999996362,17.819332077636716,0.12772369384765625,0
814.7508220672607,0.5740150329589844,0.05999999999994543,17.541886093749998,0.10483551025390625,0
814.7549111843109,0.5667732116699219,0.10000000000002274,17.46173503173828,0.13535308837890625,0
814.7603392601013,0.6812629577636719,0.10000000000002274,17.310681107177732,0.12009429931640625,0
814.7627065181732,0.8036842224121094,0.05999999999994543,18.18001185668945,0.12009429931640625,0
814.7682845592499,0.8733436462402343,0.15999999999996817,17.603540756835937,0.12772369384765625,0
814.7724018096924,0.8112708923339843,0.15999999999996817,17.47098323120117,0.09720611572265625,0
814.7773277759552,0.7271278259277344,-0.01999999999998181,17.338425705566404,0.12772369384765625,0
814.7817904949188,0.7033332702636719,0.05999999999994543,17.529555161132812,0.12772369384765625,0
814.7872557640076,0.6678138610839843,0.01999999999998181,17.56963069213867,0.12772369384765625,0
814.7923529148102,0.6202247497558594,0.0,17.4432386328125,0.12009429931640625,0
814.7983589172363,0.5581519958496094,0.0,17.56963069213867,0.12009429931640625,0
814.8123743534088,0.4709052917480468,0.08000000000004093,17.998130600585935,0.12009429931640625,0
814.8463673591614,0.5978095886230469,0.08000000000004093,18.146101791992187,0.10483551025390625,0
814.8853976726532,0.3946937438964843,0.08000000000004093,17.683691818847656,0.09720611572265625,0
814.8894000053406,0.3991767761230468,0.08000000000004093,17.50797602905273,0.10483551025390625,0
814.8931024074554,0.3284828063964843,0.01999999999998181,17.403163101806637,0.08957672119140625,0
814.898371219635,0.27330702514648436,0.01999999999998181,17.575796158447265,0.10483551025390625,0
814.902375459671,0.3119300720214843,0.15999999999996817,17.68677455200195,0.12009429931640625,0
814.9073688983917,0.3671058532714843,-0.03999999999996362,17.486396896972654,0.12009429931640625,0
814.9132709503174,0.4267646667480468,0.08000000000004093,18.05361979736328,0.12772369384765625,0
814.9433660507202,0.5636695739746094,0.05999999999994543,17.400080368652343,0.12772369384765625,0
815.0079553127289,0.6691932556152344,0.01999999999998181,17.46173503173828,0.09720611572265625,0
815.0333642959595,0.4398689147949218,0.03999999999996362,17.575796158447265,0.12009429931640625,0
815.0521965026855,0.7133338806152344,-0.05999999999994543,17.692940018310544,0.10483551025390625,0
815.1042370796204,0.9243812438964844,0.08000000000004093,17.575796158447265,0.12009429931640625,0
815.1232793331146,0.7829933044433594,0.12000000000000455,17.486396896972654,0.12772369384765625,0
815.1273491382599,0.7271278259277344,0.03999999999996362,17.369253037109374,0.12009429931640625,0
815.1468133926392,0.5802223083496094,0.03999999999996362,17.791587479248044,0.12009429931640625,0
815.1933069229126,0.6698829528808593,0.05999999999994543,17.41241130126953,0.10483551025390625,0
815.2182257175446,0.8016151306152344,0.05999999999994543,17.615871689453122,0.10483551025390625,0
815.2223513126373,0.8271339294433594,0.03999999999996362,17.514141495361326,0.12772369384765625,0
815.2273395061493,0.7164375183105468,0.15999999999996817,17.366170303955077,0.10483551025390625,0
815.2319166660309,0.6822975036621094,0.13999999999998636,17.566547958984373,0.12009429931640625,0
815.237361907959,0.7029884216308594,0.10000000000002274,17.609706223144528,0.10483551025390625,0
815.2433478832245,0.6471229431152343,0.05999999999994543,17.40932856811523,0.08957672119140625,0
815.2623727321625,0.5809120056152344,0.01999999999998181,17.62820262207031,0.12009429931640625,0
815.305401802063,0.5415992614746094,0.13999999999998636,17.51105876220703,0.15824127197265625,0
815.3181040287018,0.8985175964355469,0.13999999999998636,17.554217026367187,0.14298248291015625,0
815.323409318924,0.8185127136230469,0.12000000000000455,17.427824967041015,0.12772369384765625,0
815.3273596763611,0.7574745056152343,0.01999999999998181,17.279853775634763,0.14298248291015625,0
815.3324496746063,0.7750617858886718,0.13999999999998636,17.48947963012695,0.12772369384765625,0
815.3374502658844,0.7416114685058594,0.10000000000002274,17.535720627441403,0.13535308837890625,0
815.3424501419067,0.6333289978027343,0.01999999999998181,17.384666702880857,0.13535308837890625,0
815.3563616275787,0.5278053161621094,0.01999999999998181,17.42165950073242,0.15061187744140625,0
815.3861510753632,0.6767799255371093,-0.01999999999998181,17.612788956298825,0.14298248291015625,0
815.4031538963318,0.5195289489746093,0.17999999999994998,17.597375290527342,0.14298248291015625,0
815.4082820415497,0.5022865173339843,0.05999999999994543,17.406245834960934,0.13535308837890625,0
815.4124405384064,0.5750495788574219,0.08000000000004093,17.548051560058592,0.14298248291015625,0
815.4172627925873,0.6995399353027344,0.03999999999996362,17.50797602905273,0.12772369384765625,0
815.4232273101807,0.7960975524902344,0.0,17.43090770019531,0.12772369384765625,0
815.4272243976593,0.7750617858886718,0.12000000000000455,17.29526744140625,0.12009429931640625,0
815.4323554039001,0.6950569030761719,0.12000000000000455,17.523389694824218,0.13535308837890625,0
815.4373123645782,0.6598823425292969,-0.10000000000002274,17.560382492675778,0.13535308837890625,0
815.4421954154968,0.6360877868652344,-0.10000000000002274,17.41241130126953,0.12772369384765625,0
815.4472062587738,0.5791877624511719,0.0,17.976551468505857,0.14298248291015625,0
815.4522278308868,0.4860786315917968,0.05999999999994543,17.625119888916014,0.12772369384765625,0
815.4573063850403,0.5064247009277344,0.05999999999994543,17.427824967041015,0.12772369384765625,0
815.4833114147186,0.7326454040527344,0.01999999999998181,17.532637894287106,0.12772369384765625,0
815.540360212326,0.6816078063964843,0.10000000000002274,17.47098323120117,0.12009429931640625,0
815.5623774528503,0.5391853210449219,0.03999999999996362,17.541886093749998,0.10483551025390625,0
815.5653791427612,0.5060798522949218,0.08000000000004093,17.55113429321289,0.10483551025390625,0
815.5803594589233,0.3929695007324218,0.10000000000002274,18.00429606689453,0.09720611572265625,0
815.610034942627,0.6029823181152344,0.10000000000002274,17.400080368652343,0.12009429931640625,0
815.6270461082458,0.47297438354492183,0.10000000000002274,17.36308757080078,0.10483551025390625,0
815.6303446292877,0.4429725524902343,0.05999999999994543,18.284824783935544,0.10483551025390625,0
815.6343519687653,0.4215919372558593,0.05999999999994543,17.572713425292967,0.12772369384765625,0
815.637353181839,0.4515937683105468,0.12000000000000455,17.62820262207031,0.12772369384765625,0
815.6416883468628,0.5467719909667969,0.12000000000000455,17.4432386328125,0.12009429931640625,0
815.647430896759,0.7112647888183593,0.05999999999994543,18.08444712890625,0.12772369384765625,0
815.6514477729797,0.8285133239746093,0.01999999999998181,17.665195419921872,0.14298248291015625,0
815.656450510025,0.7281623718261718,0.13999999999998636,17.474065964355468,0.12772369384765625,0
815.6624720096588,0.6785041687011718,0.10000000000002274,17.609706223144528,0.12772369384765625,0
815.6673386096954,0.6771247741699219,-0.08000000000004093,17.575796158447265,0.12009429931640625,0
815.6724424362183,0.6333289978027343,-0.08000000000004093,17.514141495361326,0.10483551025390625,0
815.6781527996063,0.5626350280761718,0.01999999999998181,17.387749436035154,0.12772369384765625,0
815.6976509094238,0.42124708862304683,0.0,17.62820262207031,0.12772369384765625,0
815.7285106182098,0.5809120056152344,-0.05999999999994543,18.61467723144531,0.12009429931640625,0
815.7367310523987,0.6095344421386719,0.13999999999998636,17.634368088378903,0.09720611572265625,0
815.7424294948578,0.5529792663574219,0.08000000000004093,17.474065964355468,0.12772369384765625,0
815.747362613678,0.4888374206542968,0.17999999999994998,18.553022568359374,0.12009429931640625,0
815.75151014328,0.4698707458496093,0.13999999999998636,17.69910548461914,0.12009429931640625,0
815.757435798645,0.5112525817871093,0.10000000000002274,17.51105876220703,0.12009429931640625,0
815.7624423503876,0.5391853210449219,0.10000000000002274,17.541886093749998,0.10483551025390625,0
815.7673580646515,0.6112586853027343,0.17999999999994998,17.58196162475586,0.13535308837890625,0
815.7723641395569,0.7264381286621093,0.0,17.52030696166992,0.12009429931640625,0
815.7772068977356,0.7788551208496094,0.12000000000000455,17.360004837646482,0.12009429931640625,0
815.782222032547,0.6954017517089843,0.05999999999994543,17.572713425292967,0.13535308837890625,0
815.8089475631714,0.5050453063964844,0.03999999999996362,17.46173503173828,0.10483551025390625,0
815.870059967041,0.4671119567871093,0.03999999999996362,17.63128535522461,0.10483551025390625,0
815.8933491706848,0.7195411560058593,0.12000000000000455,17.4401558996582,0.12009429931640625,0
815.9103565216064,0.5798774597167968,-0.01999999999998181,17.39083216918945,0.13535308837890625,0
815.9673058986664,0.8650672790527343,0.12000000000000455,17.51105876220703,0.14298248291015625,0
815.988356590271,0.9543830749511718,0.13999999999998636,17.50181056274414,0.12009429931640625,0
815.992413520813,0.8561012145996093,0.0,17.39083216918945,0.14298248291015625,0
815.9973435401917,0.8616187927246093,0.03999999999996362,18.16151545776367,0.12009429931640625,0
816.0023248195648,0.8923103210449218,0.03999999999996362,17.606623489990234,0.12772369384765625,0
816.0233407020569,0.7460945007324219,0.0,17.4432386328125,0.12009429931640625,0
816.0493323802948,0.5336677429199219,-0.01999999999998181,17.483314163818356,0.15061187744140625,0
816.0624594688416,0.7726478454589844,0.01999999999998181,17.427824967041015,0.12772369384765625,0
816.0683600902557,0.6716071960449218,-0.01999999999998181,17.560382492675778,0.13535308837890625,0
816.0723476409912,0.6133277770996094,0.15999999999996817,17.46173503173828,0.13535308837890625,0
816.0773782730103,0.6257423278808594,-0.03999999999996362,17.30143290771484,0.13535308837890625,0
816.08234167099,0.5909126159667969,0.08000000000004093,17.514141495361326,0.13535308837890625,0
816.0873429775238,0.5074592468261718,0.20000000000004547,17.566547958984373,0.14298248291015625,0
816.0923523902893,0.47987135620117183,0.20000000000004547,17.400080368652343,0.14298248291015625,0
816.0973863601685,0.5357368347167969,0.10000000000002274,18.106026260986326,0.12009429931640625,0
816.1028943061829,0.6016029235839844,0.05999999999994543,17.594292557373045,0.10483551025390625,0
816.107932806015,0.7022987243652343,0.17999999999994998,17.406245834960934,0.12772369384765625,0
816.1133646965027,0.7619575378417969,0.12000000000000455,18.183094589843748,0.13535308837890625,0
816.1263880729675,0.6436744567871093,0.08000000000004093,17.40932856811523,0.14298248291015625,0
816.1564273834229,0.43676527709960933,0.03999999999996362,17.449404099121093,0.10483551025390625,0
816.1728296279907,0.7271278259277344,0.10000000000002274,17.4401558996582,0.10483551025390625,0
816.1783468723297,0.7912696716308594,0.05999999999994543,17.33226023925781,0.12772369384765625,0
816.1822400093079,0.6822975036621094,0.10000000000002274,17.532637894287106,0.13535308837890625,0
816.1868050098419,0.6433296081542969,0.10000000000002274,17.603540756835937,0.10483551025390625,0
816.1929080486298,0.6257423278808594,0.03999999999996362,17.43090770019531,0.10483551025390625,0
816.1972551345825,0.5771186706542969,0.01999999999998181,18.124522659912106,0.10483551025390625,0
816.2023355960846,0.5160804626464843,-0.01999999999998181,17.662112686767575,0.13535308837890625,0
816.207941532135,0.5253913757324219,0.10000000000002274,17.449404099121093,0.13535308837890625,0
816.2133538722992,0.5126319763183593,0.10000000000002274,18.346479447021483,0.10483551025390625,0
816.2178432941437,0.4457313415527343,0.01999999999998181,17.572713425292967,0.12772369384765625,0
816.2483534812927,0.6002235290527344,0.15999999999996817,17.625119888916014,0.12772369384765625,0
816.306972026825,0.5916023132324219,0.12000000000000455,17.48947963012695,0.12772369384765625,0
816.3242027759552,0.6564338562011719,0.08000000000004093,17.474065964355468,0.12772369384765625,0
816.327320098877,0.7291969177246094,0.01999999999998181,17.360004837646482,0.12772369384765625,0
816.3413388729095,0.6988502380371093,0.01999999999998181,17.47098323120117,0.12772369384765625,0
816.3703587055206,0.6236732360839844,0.17999999999994998,17.6374508215332,0.12009429931640625,0
816.3873522281647,0.6795387145996094,0.03999999999996362,17.6374508215332,0.09720611572265625,0
816.3923692703247,0.6450538513183594,0.03999999999996362,17.48023143066406,0.09720611572265625,0
816.3973488807678,0.6109138366699218,0.20000000000004547,18.08136439575195,0.12772369384765625,0
816.4022626876831,0.6067756530761719,0.13999999999998636,17.674443619384764,0.13535308837890625,0
816.4072632789612,0.5409095642089844,0.10000000000002274,17.492562363281248,0.13535308837890625,0
816.4124162197113,0.6550544616699219,0.03999999999996362,17.400080368652343,0.12772369384765625,0
816.4173543453217,0.8740333435058594,-0.01999999999998181,17.563465225830075,0.10483551025390625,0
816.422369480133,0.8016151306152344,-0.01999999999998181,17.52030696166992,0.12772369384765625,0
816.427303314209,0.6091895935058593,0.03999999999996362,17.360004837646482,0.12009429931640625,0
816.4323704242706,0.6367774841308593,0.13999999999998636,17.560382492675778,0.12009429931640625,0
816.4373888969421,0.5922920104980469,0.08000000000004093,17.625119888916014,0.12009429931640625,0
816.4513459205627,0.5250465270996094,0.08000000000004093,17.572713425292967,0.13535308837890625,0
816.4803695678711,0.5960853454589844,0.13999999999998636,18.04437159790039,0.12009429931640625,0
816.4968755245209,0.4705604431152343,0.0,18.01354426635742,0.12009429931640625,0
816.5008790493011,0.5698768493652344,0.03999999999996362,17.566547958984373,0.10483551025390625,0
816.505882024765,0.7650611755371094,0.03999999999996362,17.48947963012695,0.10483551025390625,0
816.5099947452545,0.8364448425292969,0.03999999999996362,17.400080368652343,0.09720611572265625,0
816.513973236084,0.6960914489746094,0.10000000000002274,17.79775294555664,0.10483551025390625,0
816.5183475017548,0.6250526306152343,0.05999999999994543,17.575796158447265,0.12009429931640625,0
816.5228977203369,0.6557441589355468,0.05999999999994543,17.48947963012695,0.12772369384765625,0
816.5283803939819,0.6729865905761718,0.13999999999998636,17.38158396972656,0.12009429931640625,0
816.5314884185791,0.5643592712402343,0.10000000000002274,17.560382492675778,0.13535308837890625,0
816.5379056930542,0.5084937927246094,0.05999999999994543,17.563465225830075,0.12009429931640625,0
816.5433878898621,0.6260871765136719,0.10000000000002274,17.41241130126953,0.10483551025390625,0
816.5483765602112,0.8888618347167968,0.10000000000002274,17.548051560058592,0.12772369384765625,0
816.5522105693817,0.9281745788574218,0.20000000000004547,17.63128535522461,0.12772369384765625,0
816.5742228031158,0.6757453796386719,0.13999999999998636,17.406245834960934,0.14298248291015625,0
816.6002402305603,0.8157539245605469,0.10000000000002274,17.495645096435545,0.13535308837890625,0
816.6133005619049,0.6860908386230469,0.20000000000004547,18.001213333740232,0.13535308837890625,0
816.617301940918,0.6529853698730469,0.08000000000004093,17.495645096435545,0.14298248291015625,0
816.6223239898682,0.7360938903808594,0.12000000000000455,17.449404099121093,0.14298248291015625,0
816.6273577213287,0.7433357116699219,0.08000000000004093,17.289101975097655,0.12009429931640625,0
816.6323435306549,0.7433357116699219,0.0,17.492562363281248,0.12772369384765625,0
816.637371301651,0.9805915710449218,0.0,17.566547958984373,0.12772369384765625,0
816.6423354148865,0.9305885192871093,0.10000000000002274,17.403163101806637,0.13535308837890625,0
816.6472837924957,0.7726478454589844,0.03999999999996362,17.976551468505857,0.14298248291015625,0
816.6523103713989,0.8836891052246093,0.17999999999994998,17.603540756835937,0.12772369384765625,0
816.6573503017426,0.7719581481933594,0.13999999999998636,17.427824967041015,0.14298248291015625,0
816.6633863449097,0.6985053894042969,0.13999999999998636,17.979634201660154,0.13535308837890625,0
816.6763942241669,0.6767799255371093,0.05999999999994543,17.39083216918945,0.14298248291015625,0
816.7064146995544,0.8285133239746093,0.15999999999996817,17.4432386328125,0.12009429931640625,0
816.7233498096466,0.6316047546386718,0.05999999999994543,17.449404099121093,0.12772369384765625,0
816.7274703979492,0.5581519958496094,0.13999999999998636,17.33226023925781,0.10483551025390625,0
816.732349395752,0.5905677673339844,0.01999999999998181,17.514141495361326,0.14298248291015625,0
816.737370967865,0.5667732116699219,0.0,17.585044357910153,0.12772369384765625,0
816.7424097061157,0.6464332458496094,0.10000000000002274,17.41241130126953,0.12772369384765625,0
816.747439622879,0.6609168884277343,0.05999999999994543,18.038206131591796,0.12772369384765625,0
816.7524642944336,0.7829933044433594,0.05999999999994543,17.625119888916014,0.09720611572265625,0
816.7573442459106,0.8005805847167968,0.13999999999998636,17.449404099121093,0.12009429931640625,0
816.7630677223206,0.6705726501464844,0.10000000000002274,17.95497233642578,0.12009429931640625,0
816.7684760093689,0.6895393249511719,0.05999999999994543,17.55113429321289,0.12009429931640625,0
816.7813811302185,0.5378059265136719,0.01999999999998181,17.67752635253906,0.12772369384765625,0
816.8111753463745,0.7043678161621093,-0.01999999999998181,17.338425705566404,0.09720611572265625,0
816.8281896114349,0.4291786071777343,0.03999999999996362,17.366170303955077,0.12772369384765625,0
816.8322315216064,0.4015907165527343,0.10000000000002274,17.572713425292967,0.10483551025390625,0
816.837212562561,0.33503493041992183,0.12000000000000455,17.646699020996092,0.12009429931640625,0
816.8422119617462,0.4733192321777343,0.12000000000000455,17.45865229858398,0.10483551025390625,0
816.8473806381226,0.6750556823730468,0.17999999999994998,18.118357193603515,0.12772369384765625,0
816.8531970977783,0.8778266784667969,0.12000000000000455,17.66827815307617,0.08957672119140625,0
816.8571949005127,0.6891944763183594,0.05999999999994543,17.486396896972654,0.12772369384765625,0
816.8623404502869,0.6622962829589844,0.17999999999994998,17.39083216918945,0.12009429931640625,0
816.8683845996857,0.6812629577636719,-0.01999999999998181,17.566547958984373,0.10483551025390625,0
816.8723483085632,0.5726356384277344,0.03999999999996362,17.541886093749998,0.12772369384765625,0
816.8773381710052,0.5409095642089844,0.03999999999996362,17.347673905029296,0.12009429931640625,0
816.8823454380035,0.5984992858886719,0.01999999999998181,17.544968826904295,0.12009429931640625,0
816.9023697376251,0.6122932312011719,0.12000000000000455,17.646699020996092,0.12009429931640625,0
816.933375120163,1.140601336669922,0.05999999999994543,17.541886093749998,0.10483551025390625,0
816.9423022270203,0.6388465759277343,0.15999999999996817,17.45865229858398,0.12009429931640625,0
816.9463260173798,0.7140235778808594,0.10000000000002274,18.059785263671873,0.13535308837890625,0
816.9503378868103,0.8209266540527344,0.0,17.55113429321289,0.13535308837890625,0
816.9543449878693,0.8609290954589843,0.0,17.58812709106445,0.12772369384765625,0
816.9583506584167,0.9009315368652343,0.05999999999994543,17.45248683227539,0.13535308837890625,0
816.9623408317566,0.9447273132324219,0.13999999999998636,17.37233577026367,0.12009429931640625,0
816.9673526287079,0.8481696960449219,0.13999999999998636,17.55113429321289,0.13535308837890625,0
816.9723474979401,0.7436805603027343,0.05999999999994543,17.529555161132812,0.12009429931640625,0
816.9773519039154,0.7236793395996094,0.15999999999996817,17.360004837646482,0.13535308837890625,0
816.9824426174164,0.6822975036621094,0.10000000000002274,17.548051560058592,0.10483551025390625,0
816.988107919693,0.6874702331542969,0.03999999999996362,17.560382492675778,0.12772369384765625,0
817.0011165142059,0.7526466247558593,0.05999999999994543,17.560382492675778,0.10483551025390625,0
817.0314376354218,0.9519691345214844,0.05999999999994543,17.70835368408203,0.12772369384765625,0
817.0483462810516,0.7719581481933594,0.05999999999994543,17.612788956298825,0.10483551025390625,0
817.0522499084473,0.6653999206542969,0.15999999999996817,17.643616287841795,0.14298248291015625,0
817.0573613643646,0.6333289978027343,0.01999999999998181,17.474065964355468,0.12772369384765625,0
817.0633392333984,0.6350532409667968,0.0,17.862490341796875,0.13535308837890625,0
817.0674047470093,0.6812629577636719,-0.03999999999996362,17.55113429321289,0.12772369384765625,0
817.072417974472,0.7067817565917969,0.05999999999994543,17.52030696166992,0.12009429931640625,0
817.0778234004974,0.8374793884277344,0.03999999999996362,17.310681107177732,0.12772369384765625,0
817.08252120018,0.9178291198730468,0.10000000000002274,17.50181056274414,0.12009429931640625,0
817.0873794555664,0.9788673278808593,0.10000000000002274,17.58812709106445,0.13535308837890625,0
817.09223985672,0.9019660827636719,0.08000000000004093,17.39083216918945,0.15061187744140625,0
817.1052429676056,0.8636878845214844,0.05999999999994543,17.495645096435545,0.13535308837890625,0
817.1345913410187,0.6950569030761719,0.01999999999998181,17.541886093749998,0.14298248291015625,0
817.1516082286835,0.6698829528808593,-0.01999999999998181,17.572713425292967,0.12772369384765625,0
817.15660572052,0.7298866149902343,0.01999999999998181,17.41241130126953,0.14298248291015625,0
817.1622889041901,0.8095466491699218,0.10000000000002274,17.338425705566404,0.14298248291015625,0
817.1677784919739,0.8774818298339844,0.05999999999994543,17.50797602905273,0.13535308837890625,0
817.1733891963959,0.9330024597167969,0.15999999999996817,17.424742233886718,0.10483551025390625,0
817.1773817539215,0.9416236755371094,0.15999999999996817,17.329177506103512,0.12772369384765625,0
817.1822125911713,0.8371345397949218,0.12000000000000455,17.504893295898437,0.12772369384765625,0
817.1872153282166,0.8629981872558593,-0.03999999999996362,17.56963069213867,0.14298248291015625,0
817.1922369003296,0.8433418151855469,0.08000000000004093,17.384666702880857,0.13535308837890625,0
817.1974067687988,0.7122993347167969,0.03999999999996362,18.343396713867186,0.15061187744140625,0
817.2022233009338,0.7236793395996094,0.13999999999998636,17.58812709106445,0.14298248291015625,0
817.2072370052338,0.6671241638183594,0.13999999999998636,17.427824967041015,0.10483551025390625,0
817.2273502349854,0.9471412536621093,0.10000000000002274,17.319929306640624,0.13535308837890625,0
817.2581975460052,0.9219673034667968,0.05999999999994543,17.400080368652343,0.13535308837890625,0
817.2673087120056,0.9171394226074219,0.15999999999996817,17.514141495361326,0.14298248291015625,0
817.2713685035706,0.8654121276855469,0.0,17.541886093749998,0.12009429931640625,0
817.2751986980438,0.9133460876464843,0.05999999999994543,17.418576767578124,0.12772369384765625,0
817.2791962623596,0.8398933288574219,0.05999999999994543,17.523389694824218,0.12009429931640625,0
817.2832565307617,0.7547157165527344,0.03999999999996362,17.529555161132812,0.13535308837890625,0
817.2872061729431,0.7619575378417969,-0.01999999999998181,17.594292557373045,0.12772369384765625,0
817.2914347648621,0.7747169372558593,-0.01999999999998181,17.43090770019531,0.12009429931640625,0
817.2973697185516,0.7143684265136718,0.12000000000000455,18.401968643798828,0.12009429931640625,0
817.3023571968079,0.7326454040527344,0.03999999999996362,17.625119888916014,0.10483551025390625,0
817.3073556423187,0.8129951354980468,0.15999999999996817,17.464817764892576,0.12772369384765625,0
817.3124363422394,0.9216224548339843,0.12000000000000455,17.378501236572262,0.13535308837890625,0
817.3178222179413,1.0499061462402344,-0.05999999999994543,17.554217026367187,0.12772369384765625,0
817.3318367004395,0.8940345642089843,0.15999999999996817,17.56963069213867,0.12772369384765625,0
817.362343788147,0.6826423522949219,0.15999999999996817,17.39083216918945,0.13535308837890625,0
817.3791704177856,0.6757453796386719,0.08000000000004093,17.467900498046873,0.12772369384765625,0
817.383150100708,0.7195411560058593,0.05999999999994543,17.563465225830075,0.12772369384765625,0
817.3881525993347,0.7829933044433594,0.05999999999994543,17.575796158447265,0.12772369384765625,0
817.3933434486389,0.8033393737792969,0.12000000000000455,17.45865229858398,0.12009429931640625,0
817.3973734378815,0.7640266296386719,0.05999999999994543,18.4297132421875,0.12772369384765625,0
817.4022769927979,0.7933387634277344,0.01999999999998181,17.646699020996092,0.13535308837890625,0
817.4071412086487,0.8147193786621093,0.0,17.486396896972654,0.09720611572265625,0
817.4132206439972,0.6936775085449218,0.0,18.30023844970703,0.12009429931640625,0
817.4170353412628,0.6795387145996094,0.08000000000004093,17.572713425292967,0.10483551025390625,0
817.4233438968658,0.6864356872558594,0.03999999999996362,17.50181056274414,0.12772369384765625,0
817.4272229671478,0.6319496032714843,0.01999999999998181,17.400080368652343,0.12009429931640625,0
817.4483766555786,0.7526466247558593,0.0,17.69602275146484,0.12009429931640625,0
817.4742867946625,0.7081611511230469,0.12000000000000455,17.48023143066406,0.10483551025390625,0
817.4883751869202,0.5916023132324219,0.0,17.575796158447265,0.12772369384765625,0
817.4923510551453,0.5833259460449218,-0.01999999999998181,17.449404099121093,0.12772369384765625,0
817.4973587989807,0.5726356384277344,0.03999999999996362,18.34031398071289,0.12009429931640625,0
817.5027859210968,0.5909126159667969,0.03999999999996362,17.662112686767575,0.10483551025390625,0
817.5068116188049,0.6805732604980469,0.15999999999996817,17.483314163818356,0.14298248291015625,0
817.5133469104767,0.8095466491699218,0.10000000000002274,18.509864304199215,0.13535308837890625,0
817.5173013210297,0.8516181823730469,0.10000000000002274,17.572713425292967,0.10483551025390625,0
817.5218360424042,0.7388526794433593,0.17999999999994998,17.55113429321289,0.10483551025390625,0
817.5278661251068,0.7281623718261718,0.0,17.366170303955077,0.09720611572265625,0
817.5333857536316,0.6895393249511719,0.08000000000004093,17.58196162475586,0.12772369384765625,0
817.5473959445953,0.5653938171386719,0.08000000000004093,18.432795975341794,0.12009429931640625,0
817.5778222084045,0.8533424255371094,0.03999999999996362,17.37233577026367,0.12772369384765625,0
817.5949068069458,0.6543647644042968,-0.03999999999996362,17.38158396972656,0.13535308837890625,0
817.5979096889496,0.6222938415527344,0.01999999999998181,17.692940018310544,0.12772369384765625,0
817.6029069423676,0.6836768981933593,0.01999999999998181,17.67752635253906,0.10483551025390625,0
817.6080639362335,0.6974708435058593,0.03999999999996362,17.464817764892576,0.12772369384765625,0
817.6132884025574,0.6771247741699219,0.15999999999996817,18.075198929443356,0.12009429931640625,0
817.6174247264862,0.7336799499511718,0.12000000000000455,17.566547958984373,0.12009429931640625,0
817.6233847141266,0.8919654724121093,0.12000000000000455,17.474065964355468,0.10483551025390625,0
817.6268875598907,0.8923103210449218,0.22000000000002728,17.403163101806637,0.10483551025390625,0
817.6333639621735,0.7816139099121093,0.13999999999998636,17.563465225830075,0.10483551025390625,0
817.6383380889893,0.8057533142089843,0.10000000000002274,17.58812709106445,0.12009429931640625,0
817.6419038772583,0.7512672302246094,0.05999999999994543,17.46173503173828,0.12772369384765625,0
817.6624181270599,0.5953956481933593,0.05999999999994543,17.384666702880857,0.12009429931640625,0
817.6877439022064,0.8229957458496093,0.01999999999998181,17.585044357910153,0.12772369384765625,0
817.7007513046265,0.7112647888183593,0.01999999999998181,17.585044357910153,0.12772369384765625,0
817.7047629356384,0.7278175231933594,0.12000000000000455,17.575796158447265,0.12009429931640625,0
817.7089276313782,0.7278175231933594,0.01999999999998181,17.474065964355468,0.10483551025390625,0
817.7129356861115,0.6585029479980469,0.15999999999996817,18.31873484863281,0.12009429931640625,0
817.7181499004364,0.6440193054199218,0.15999999999996817,17.58196162475586,0.12772369384765625,0
817.7231471538544,0.9388648864746093,0.12000000000000455,17.495645096435545,0.12009429931640625,0
817.7283403873444,1.1812934753417967,0.03999999999996362,17.33226023925781,0.13535308837890625,0
817.7322838306427,1.0364570495605467,0.15999999999996817,17.572713425292967,0.12772369384765625,0
817.737827539444,0.9564521667480468,0.10000000000002274,17.572713425292967,0.12009429931640625,0
817.7433748245239,1.0126624938964843,0.03999999999996362,17.433990433349607,0.10483551025390625,0
817.7482101917267,0.8309272644042969,0.03999999999996362,17.779256546630858,0.14298248291015625,0
817.7518725395203,0.8105811950683594,0.0,17.615871689453122,0.14298248291015625,0
817.7663397789001,0.9702461120605468,0.12000000000000455,17.504893295898437,0.15061187744140625,0
817.7961764335632,0.9119666931152344,0.08000000000004093,17.862490341796875,0.12772369384765625,0
817.8133726119995,0.8105811950683594,-0.01999999999998181,18.136853592529295,0.13535308837890625,0
817.8168427944183,0.7885108825683593,0.05999999999994543,17.50797602905273,0.14298248291015625,0
817.8222372531891,0.7833381530761718,0.08000000000004093,17.486396896972654,0.14298248291015625,0
817.827410697937,0.8340309020996094,0.08000000000004093,17.33226023925781,0.14298248291015625,0
817.8322360515594,0.9381751892089844,0.05999999999994543,17.495645096435545,0.14298248291015625,0
817.8372385501862,0.9985236999511719,0.13999999999998636,17.566547958984373,0.13535308837890625,0
817.8422362804413,0.9464515563964844,0.10000000000002274,17.396997635498046,0.13535308837890625,0
817.8472483158112,0.9140357849121094,-0.10000000000002274,18.11219172729492,0.13535308837890625,0
817.8522384166718,0.9033454772949219,0.03999999999996362,17.575796158447265,0.12009429931640625,0
817.8573288917542,0.7933387634277344,0.03999999999996362,17.433990433349607,0.13535308837890625,0
817.8623344898224,0.8312721130371094,0.15999999999996817,17.338425705566404,0.12772369384765625,0
817.8833456039429,0.7240241882324219,0.12000000000000455,17.50797602905273,0.12009429931640625,0
817.909193277359,0.8436866638183593,0.05999999999994543,17.406245834960934,0.15061187744140625,0
817.9222161769867,0.7478187438964844,0.22000000000002728,17.50797602905273,0.13535308837890625,0
817.9273715019226,0.7064369079589844,0.01999999999998181,17.360004837646482,0.12009429931640625,0
817.9323678016663,0.6685035583496094,-0.08000000000004093,17.532637894287106,0.12772369384765625,0
817.9373757839203,0.6598823425292969,0.03999999999996362,17.594292557373045,0.15061187744140625,0
817.9423789978027,0.7398872253417969,0.15999999999996817,17.40932856811523,0.10483551025390625,0
817.9474232196808,0.8695503112792968,0.12000000000000455,18.263245651855467,0.12772369384765625,0
817.9533729553223,0.9574867126464843,0.12000000000000455,17.63128535522461,0.13535308837890625,0
817.9573740959167,0.9488654968261718,0.03999999999996362,17.4432386328125,0.14298248291015625,0
817.9623794555664,0.8664466735839843,0.13999999999998636,17.350756638183594,0.13535308837890625,0
817.9683525562286,0.8585151550292969,0.10000000000002274,17.544968826904295,0.12772369384765625,0
817.9813451766968,0.6957466003417968,0.05999999999994543,18.04437159790039,0.12009429931640625,0
818.0113611221313,0.7671302673339844,0.01999999999998181,17.338425705566404,0.12772369384765625,0
818.0283784866333,0.5360816833496094,0.05999999999994543,17.3415084387207,0.12009429931640625,0
818.032365322113,0.5574622985839843,0.08000000000004093,17.575796158447265,0.12009429931640625,0
818.0374274253845,0.6895393249511719,0.08000000000004093,17.625119888916014,0.12009429931640625,0
818.0423636436462,1.0609413024902343,0.13999999999998636,17.43090770019531,0.12772369384765625,0
818.0473654270172,1.0150764343261718,0.13999999999998636,18.183094589843748,0.10483551025390625,0
818.0524590015411,0.7667854187011719,0.08000000000004093,17.622037155761717,0.12772369384765625,0
818.0574498176575,0.9002418395996094,0.01999999999998181,17.467900498046873,0.10483551025390625,0
818.0624704360962,0.7729926940917968,0.12000000000000455,17.384666702880857,0.12772369384765625,0
818.067360162735,0.6857459899902344,0.05999999999994543,17.563465225830075,0.12009429931640625,0
818.0723705291748,0.8285133239746093,0.0,17.535720627441403,0.15061187744140625,0
818.07741522789,1.1088752624511717,0.0,17.39083216918945,0.12772369384765625,0
818.0823097229004,1.0954261657714843,0.10000000000002274,17.563465225830075,0.10483551025390625,0
818.0963261127472,0.9330024597167969,0.03999999999996362,17.625119888916014,0.10483551025390625,0
818.1253311634064,1.0464576599121094,0.15999999999996817,17.46173503173828,0.10483551025390625,0
818.1423425674438,0.7160926696777343,0.03999999999996362,17.486396896972654,0.10483551025390625,0
818.1473608016968,0.6205695983886719,0.17999999999994998,18.087529862060546,0.10483551025390625,0
818.1532156467438,0.6391914245605469,0.15999999999996817,17.689857285156247,0.12772369384765625,0
818.1572179794312,0.7029884216308594,-0.03999999999996362,17.50181056274414,0.12772369384765625,0
818.1623294353485,0.7598884460449219,-0.03999999999996362,17.384666702880857,0.12009429931640625,0
818.16725897789,0.8367896911621093,0.05999999999994543,17.563465225830075,0.12009429931640625,0
818.1723380088806,0.9330024597167969,0.0,17.560382492675778,0.12772369384765625,0
818.1772680282593,0.8898963806152344,0.10000000000002274,17.42165950073242,0.12009429931640625,0
818.182343006134,0.8209266540527344,0.05999999999994543,17.58812709106445,0.12772369384765625,0
818.1873428821564,0.8278236267089844,0.03999999999996362,17.643616287841795,0.12009429931640625,0
818.1923680305481,0.8071327087402344,0.03999999999996362,17.464817764892576,0.12772369384765625,0
818.2133538722992,0.6288459655761719,-0.01999999999998181,18.40813411010742,0.12772369384765625,0
818.2393708229065,0.7498878356933594,0.10000000000002274,17.535720627441403,0.12772369384765625,0
818.2514882087708,0.5860847351074219,0.12000000000000455,17.609706223144528,0.12772369384765625,0
818.257490158081,0.6302253601074218,0.17999999999994998,17.483314163818356,0.12772369384765625,0
818.2615718841553,0.6905738708496093,0.03999999999996362,17.369253037109374,0.12772369384765625,0
818.2673540115356,0.7491981384277343,0.0,17.566547958984373,0.10483551025390625,0
818.2715268135071,0.8888618347167968,0.10000000000002274,17.548051560058592,0.12009429931640625,0
818.2783284187317,0.9354164001464843,0.05999999999994543,17.36308757080078,0.13535308837890625,0
818.2817203998566,0.8236854431152344,-0.03999999999996362,17.585044357910153,0.12009429931640625,0
818.288289308548,0.7888557312011718,-0.03999999999996362,17.575796158447265,0.10483551025390625,0
818.2923805713654,0.8419624206542968,0.08000000000004093,17.464817764892576,0.12009429931640625,0
818.2977628707886,0.7285072204589843,0.03999999999996362,17.692940018310544,0.12009429931640625,0
818.3028149604797,0.6871253845214843,0.01999999999998181,17.66827815307617,0.12772369384765625,0
818.3158237934113,0.6619514343261719,0.13999999999998636,17.563465225830075,0.12772369384765625,0
818.3458886146545,0.9336921569824218,-0.03999999999996362,17.51105876220703,0.17350006103515625,0
818.3629066944122,0.7771308776855469,0.15999999999996817,18.146101791992187,0.13535308837890625,0
818.3683295249939,0.8174781677246094,0.10000000000002274,17.504893295898437,0.12772369384765625,0
818.3733344078064,0.8160987731933593,-0.01999999999998181,17.43090770019531,0.13535308837890625,0
818.377845287323,0.8333412048339843,-0.01999999999998181,17.279853775634763,0.12772369384765625,0
818.3833618164062,0.9371406433105468,-0.08000000000004093,17.483314163818356,0.14298248291015625,0
818.3872873783112,1.1492225524902344,0.03999999999996362,17.58196162475586,0.12009429931640625,0
818.3918900489807,1.0178352233886718,0.15999999999996817,17.406245834960934,0.12009429931640625,0
818.3979742527008,0.9723152038574219,0.15999999999996817,17.70835368408203,0.14298248291015625,0
818.4031784534454,1.1243934509277342,-0.01999999999998181,17.606623489990234,0.13535308837890625,0
818.4071898460388,0.9164497253417968,0.03999999999996362,17.42165950073242,0.12772369384765625,0
818.4213266372681,0.8988624450683593,0.01999999999998181,17.548051560058592,0.12772369384765625,0
818.450870513916,0.9102424499511719,-0.01999999999998181,17.523389694824218,0.12009429931640625,0
818.4678819179535,0.8761024353027344,0.13999999999998636,17.514141495361326,0.12009429931640625,0
818.4733648300171,0.8871375915527343,0.15999999999996817,17.4432386328125,0.12009429931640625,0
818.4781079292297,0.9040351745605468,0.17999999999994998,17.28293650878906,0.14298248291015625,0
818.4831199645996,1.0392158386230468,-0.01999999999998181,17.504893295898437,0.14298248291015625,0
818.4881229400635,1.0212837097167968,-0.05999999999994543,17.529555161132812,0.12009429931640625,0
818.4926340579987,0.9323127624511718,-0.05999999999994543,17.41241130126953,0.14298248291015625,0
818.4983630180359,0.9381751892089844,0.05999999999994543,17.625119888916014,0.12772369384765625,0
818.503142118454,0.8888618347167968,-0.01999999999998181,17.62820262207031,0.12772369384765625,0
818.5082452297211,0.7988563415527343,-0.05999999999994543,17.433990433349607,0.12009429931640625,0
818.512330532074,0.7205757019042969,0.05999999999994543,17.3415084387207,0.14298248291015625,0
818.5169007778168,0.7547157165527344,0.17999999999994998,17.52030696166992,0.14298248291015625,0
818.5383605957031,0.8402381774902343,0.17999999999994998,17.554217026367187,0.12009429931640625,0
818.569947719574,0.7623023864746094,0.08000000000004093,17.6374508215332,0.12009429931640625,0
818.5793340206146,0.7009193298339843,0.15999999999996817,17.37233577026367,0.10483551025390625,0
818.5819838047028,0.6016029235839844,0.05999999999994543,17.566547958984373,0.10483551025390625,0
818.5880706310272,0.5091834899902343,0.05999999999994543,17.56963069213867,0.12772369384765625,0
818.5930867195129,0.5867744323730468,0.10000000000002274,17.427824967041015,0.12772369384765625,0
818.598153591156,0.9357612487792968,0.13999999999998636,17.66827815307617,0.13535308837890625,0
818.6032326221466,1.0919776794433593,0.13999999999998636,17.652864487304686,0.09720611572265625,0
818.6073687076569,0.7843726989746094,0.13999999999998636,17.483314163818356,0.12772369384765625,0
818.6131031513214,0.7802345153808593,0.13999999999998636,17.840911209716793,0.10483551025390625,0
818.6181797981262,0.7295417663574219,0.08000000000004093,17.563465225830075,0.12009429931640625,0
818.6223320960999,0.6495368835449219,0.0,17.560382492675778,0.08957672119140625,0
818.6281909942627,0.6736762878417969,0.10000000000002274,17.3415084387207,0.14298248291015625,0
818.632327079773,0.8274787780761719,0.05999999999994543,17.55113429321289,0.13535308837890625,0
818.6463587284088,0.7716132995605468,0.15999999999996817,17.42165950073242,0.13535308837890625,0
818.6773266792297,1.0737007019042968,0.15999999999996817,17.42165950073242,0.09720611572265625,0
818.6941957473755,0.7867866394042968,0.10000000000002274,17.396997635498046,0.12772369384765625,0
818.6979193687439,0.7716132995605468,0.05999999999994543,17.705270950927734,0.13535308837890625,0
818.7028868198395,0.8257545349121094,0.15999999999996817,17.662112686767575,0.14298248291015625,0
818.708066701889,1.0671485778808594,0.15999999999996817,17.46173503173828,0.10483551025390625,0
818.7131657600403,1.0461128112792968,0.03999999999996362,17.76692561401367,0.12772369384765625,0
818.7182595729828,0.8554115173339844,0.15999999999996817,17.560382492675778,0.12772369384765625,0
818.7222771644592,0.8733436462402343,0.10000000000002274,17.55113429321289,0.13535308837890625,0
818.727331161499,0.8716194030761718,0.10000000000002274,17.433990433349607,0.12009429931640625,0
818.732097864151,0.7233344909667968,0.05999999999994543,17.58196162475586,0.10483551025390625,0
818.7381718158722,0.7954078552246093,-0.03999999999996362,17.585044357910153,0.12772369384765625,0
818.7588624954224,0.8754127380371093,0.05999999999994543,17.449404099121093,0.10483551025390625,0
818.7848818302155,0.6864356872558594,0.15999999999996817,17.566547958984373,0.14298248291015625,0
818.7978963851929,0.9443824645996093,0.10000000000002274,17.770008347167966,0.10483551025390625,0
818.8029119968414,0.7750617858886718,0.15999999999996817,17.67752635253906,0.12009429931640625,0
818.8078117370605,0.8350654479980468,0.17999999999994998,17.47098323120117,0.10483551025390625,0
818.8129029273987,0.7912696716308594,0.13999999999998636,17.800835678710936,0.12772369384765625,0
818.8179512023926,0.6698829528808593,0.10000000000002274,17.566547958984373,0.13535308837890625,0
818.8230302333832,0.6888496276855468,0.05999999999994543,17.48947963012695,0.10483551025390625,0
818.828156709671,0.7171272155761719,0.05999999999994543,17.329177506103512,0.12009429931640625,0
818.8331077098846,0.7250587341308593,0.12000000000000455,17.548051560058592,0.12009429931640625,0
818.8383576869965,0.9147254821777343,0.22000000000002728,17.563465225830075,0.14298248291015625,0
818.8422749042511,1.026801287841797,0.01999999999998181,17.427824967041015,0.14298248291015625,0
818.8483300209045,1.0426643249511718,0.12000000000000455,17.74534648193359,0.12772369384765625,0
818.8623602390289,0.8554115173339844,0.03999999999996362,17.30143290771484,0.12009429931640625,0
818.8943254947662,0.9571418640136719,0.03999999999996362,17.33226023925781,0.13535308837890625,0
818.9113619327545,0.8326515075683594,0.05999999999994543,17.28293650878906,0.14298248291015625,0
818.915212392807,0.8174781677246094,0.08000000000004093,17.655947220458984,0.12772369384765625,0
818.9182612895966,0.7895454284667969,0.08000000000004093,17.50181056274414,0.13535308837890625,0
818.9222943782806,0.8129951354980468,0.08000000000004093,17.48023143066406,0.13535308837890625,0
818.9273517131805,0.9440376159667968,0.03999999999996362,17.366170303955077,0.12009429931640625,0
818.9333300590515,1.0257667419433594,-0.01999999999998181,17.495645096435545,0.13535308837890625,0
818.93732213974,0.9992133972167968,0.08000000000004093,17.58196162475586,0.12772369384765625,0
818.943329334259,0.8698951599121093,0.08000000000004093,17.39083216918945,0.12772369384765625,0
818.9470019340515,0.7716132995605468,0.01999999999998181,18.183094589843748,0.12772369384765625,0
818.9532849788666,0.7978217956542969,0.01999999999998181,17.612788956298825,0.12772369384765625,0
818.9662981033325,0.7229896423339843,0.08000000000004093,17.50181056274414,0.12772369384765625,0
818.9962015151978,0.8085121032714844,-0.01999999999998181,17.384666702880857,0.10483551025390625,0
819.013213634491,0.9816261169433593,0.0,17.714519150390622,0.14298248291015625,0
819.0173027515411,1.088874041748047,0.03999999999996362,17.52030696166992,0.09720611572265625,0
819.0223231315613,1.0985298034667967,0.03999999999996362,17.529555161132812,0.13535308837890625,0
819.0273749828339,0.9550727722167969,0.13999999999998636,17.41241130126953,0.10483551025390625,0
819.0332691669464,0.9354164001464843,0.13999999999998636,17.526472427978515,0.12772369384765625,0
819.0373618602753,0.9054145690917969,0.20000000000004547,17.634368088378903,0.12772369384765625,0
819.042394399643,0.8212715026855468,0.0,17.446321365966796,0.12772369384765625,0
819.047233581543,0.8036842224121094,0.12000000000000455,18.059785263671873,0.12009429931640625,0
819.0522503852844,0.8495490905761718,0.05999999999994543,17.548051560058592,0.12772369384765625,0
819.0572535991669,0.9330024597167969,0.03999999999996362,17.46173503173828,0.13535308837890625,0
819.0622789859772,1.0805976745605468,0.03999999999996362,17.33226023925781,0.12009429931640625,0
819.067973613739,0.9847297546386719,0.10000000000002274,17.544968826904295,0.12772369384765625,0
819.0813252925873,0.8367896911621093,0.03999999999996362,18.343396713867186,0.10483551025390625,0
819.1114087104797,1.0181800720214842,0.15999999999996817,17.360004837646482,0.10483551025390625,0
819.127845287323,0.8209266540527344,0.03999999999996362,17.356922104492185,0.10483551025390625,0
819.1330988407135,0.6588477966308594,0.08000000000004093,17.563465225830075,0.12009429931640625,0
819.1381666660309,0.6636756774902344,0.08000000000004093,17.594292557373045,0.12009429931640625,0
819.1431810855865,0.7040229675292968,0.03999999999996362,17.446321365966796,0.10483551025390625,0
819.1483588218689,0.7702339050292969,0.0,18.0320406652832,0.12009429931640625,0
819.1522047519684,0.8598945495605468,0.10000000000002274,17.554217026367187,0.09720611572265625,0
819.1573565006256,0.8733436462402343,0.10000000000002274,17.467900498046873,0.10483551025390625,0
819.1633269786835,0.8098914978027344,0.01999999999998181,17.665195419921872,0.12009429931640625,0
819.1678194999695,0.8167884704589844,0.12000000000000455,17.566547958984373,0.10483551025390625,0
819.1729345321655,0.6985053894042969,0.20000000000004547,17.51105876220703,0.10483551025390625,0
819.1939558982849,0.6709174987792969,0.15999999999996817,17.400080368652343,0.12772369384765625,0
819.2199733257294,0.7581642028808594,0.12000000000000455,17.705270950927734,0.12772369384765625,0
819.233321428299,0.6954017517089843,0.08000000000004093,17.58196162475586,0.12009429931640625,0
819.2373232841492,0.6726417419433594,0.17999999999994998,17.674443619384764,0.12009429931640625,0
819.242739200592,0.6578132507324218,0.17999999999994998,17.46173503173828,0.13535308837890625,0
819.247330904007,0.7202308532714844,0.10000000000002274,18.31873484863281,0.13535308837890625,0
819.2522196769714,0.8271339294433594,0.17999999999994998,17.572713425292967,0.12772369384765625,0
819.2573111057281,0.9605903503417969,0.0,17.48947963012695,0.12772369384765625,0
819.2623178958893,0.9247260925292968,0.12000000000000455,17.356922104492185,0.12772369384765625,0
819.2673258781433,0.8185127136230469,0.05999999999994543,17.560382492675778,0.10483551025390625,0
819.2723298072815,0.8443763610839844,0.05999999999994543,17.572713425292967,0.12009429931640625,0
819.2773385047913,0.7888557312011718,0.13999999999998636,17.45248683227539,0.12009429931640625,0
819.2833232879639,0.6874702331542969,0.12000000000000455,17.563465225830075,0.12772369384765625,0
819.287350654602,0.6881599304199219,0.05999999999994543,17.662112686767575,0.12772369384765625,0
819.307327747345,1.1447395202636719,0.01999999999998181,17.474065964355468,0.12772369384765625,0
819.3333268165588,0.7764411804199218,0.15999999999996817,17.566547958984373,0.12772369384765625,0
819.3463513851166,0.8523078796386718,0.12000000000000455,17.384666702880857,0.12009429931640625,0
819.350314617157,0.9647285339355468,0.05999999999994543,17.544968826904295,0.10483551025390625,0
819.3543210029602,1.0830116149902342,0.12000000000000455,17.6374508215332,0.14298248291015625,0
819.3583252429962,1.0236976501464843,0.08000000000004093,17.474065964355468,0.12772369384765625,0
819.3622028827667,0.9264503356933593,0.05999999999994543,17.38158396972656,0.12772369384765625,0
819.3673100471497,0.9512794372558593,0.05999999999994543,17.560382492675778,0.12772369384765625,0
819.3723239898682,0.9581764099121093,0.15999999999996817,17.56963069213867,0.10483551025390625,0
819.3773713111877,0.8585151550292969,-0.01999999999998181,17.45248683227539,0.12009429931640625,0
819.3813762664795,0.8398933288574219,0.08000000000004093,17.597375290527342,0.13535308837890625,0
819.3873805999756,0.8598945495605468,0.03999999999996362,17.662112686767575,0.10483551025390625,0
819.392425775528,0.8071327087402344,0.03999999999996362,17.464817764892576,0.09720611572265625,0
819.413233757019,0.9771430847167968,0.12000000000000455,17.529555161132812,0.14298248291015625,0
819.4404397010803,0.8012702819824219,0.05999999999994543,17.433990433349607,0.15061187744140625,0
819.453451871872,0.9605903503417969,0.03999999999996362,17.606623489990234,0.10483551025390625,0
819.457356929779,0.9257606384277344,0.13999999999998636,17.424742233886718,0.14298248291015625,0
819.4622161388397,1.0178352233886718,0.03999999999996362,17.279853775634763,0.12772369384765625,0
819.466411113739,1.0392158386230468,0.01999999999998181,17.492562363281248,0.10483551025390625,0
819.4723041057587,0.8723091003417969,0.13999999999998636,17.492562363281248,0.13535308837890625,0
819.4773180484772,0.9302436706542968,0.10000000000002274,17.37233577026367,0.13535308837890625,0
819.4833552837372,0.7912696716308594,0.10000000000002274,17.486396896972654,0.15061187744140625,0
819.4873192310333,0.7281623718261718,0.01999999999998181,17.58812709106445,0.15061187744140625,0
819.4923629760742,0.8009254333496093,-0.01999999999998181,17.384666702880857,0.12772369384765625,0
819.4964349269867,0.8295478698730469,0.08000000000004093,18.186177322998045,0.12772369384765625,0
819.5022172927856,0.8571357604980469,0.20000000000004547,17.50181056274414,0.15061187744140625,0
819.5173571109772,0.7195411560058593,0.20000000000004547,17.504893295898437,0.13535308837890625,0
819.5483508110046,0.8895515319824219,0.13999999999998636,17.948806870117185,0.13535308837890625,0
819.5653297901154,0.7802345153808593,0.05999999999994543,17.751511948242186,0.12772369384765625,0
819.5683352947235,0.8681709167480468,0.15999999999996817,17.514141495361326,0.13535308837890625,0
819.5723195075989,1.0102485534667969,0.12000000000000455,17.523389694824218,0.12772369384765625,0
819.5773050785065,0.9674873229980469,0.12000000000000455,17.406245834960934,0.10483551025390625,0
819.582403421402,0.7623023864746094,0.17999999999994998,17.572713425292967,0.10483551025390625,0
819.586404800415,0.7736823913574219,-0.03999999999996362,17.62820262207031,0.12009429931640625,0
819.592301607132,0.7343696472167969,0.08000000000004093,17.43090770019531,0.14298248291015625,0
819.5973012447357,0.6498817321777344,0.01999999999998181,18.0351233984375,0.12009429931640625,0
819.6023669242859,0.7574745056152343,0.01999999999998181,17.532637894287106,0.12772369384765625,0
819.6073708534241,1.0112830993652342,0.05999999999994543,17.45248683227539,0.14298248291015625,0
819.61234998703,1.0909431335449218,0.17999999999994998,17.33226023925781,0.10483551025390625,0
819.6333637237549,0.7574745056152343,0.12000000000000455,17.560382492675778,0.10483551025390625,0
819.6604053974152,1.0919776794433593,0.05999999999994543,17.4401558996582,0.10483551025390625,0
819.6741986274719,0.9230018493652343,0.05999999999994543,17.483314163818356,0.12009429931640625,0
819.6782119274139,0.8367896911621093,0.15999999999996817,17.356922104492185,0.12009429931640625,0
819.682324886322,0.8447212097167969,0.03999999999996362,17.69910548461914,0.14298248291015625,0
819.6873028278351,0.8419624206542968,0.03999999999996362,17.671360886230467,0.12772369384765625,0
819.6917886734009,0.7509223815917968,0.03999999999996362,17.464817764892576,0.12009429931640625,0
819.698352098465,0.7774757263183594,-0.01999999999998181,18.025875198974607,0.12772369384765625,0
819.7022805213928,0.9040351745605468,0.20000000000004547,17.548051560058592,0.12772369384765625,0
819.7065978050232,1.0202491638183593,0.0,17.47098323120117,0.14298248291015625,0
819.712317943573,0.9185188171386718,0.12000000000000455,17.350756638183594,0.10483551025390625,0
819.717301607132,0.8664466735839843,0.08000000000004093,17.563465225830075,0.12772369384765625,0
819.7313148975372,0.8078224060058593,0.08000000000004093,18.257080185546872,0.14298248291015625,0
819.7613506317139,0.6995399353027344,0.01999999999998181,17.39083216918945,0.12772369384765625,0
819.7793428897858,0.7864417907714844,0.08000000000004093,17.396997635498046,0.12009429931640625,0
819.7833580970764,0.8205818054199219,0.01999999999998181,17.575796158447265,0.08957672119140625,0
819.7882075309753,0.7409217712402344,0.01999999999998181,17.646699020996092,0.10483551025390625,0
819.7919788360596,0.7067817565917969,0.20000000000004547,17.492562363281248,0.09720611572265625,0
819.7973411083221,0.6933326599121094,0.0,18.198508255615234,0.12009429931640625,0
819.8023550510406,0.6509162780761718,-0.03999999999996362,17.597375290527342,0.08957672119140625,0
819.8073174953461,0.6160865661621093,0.08000000000004093,17.514141495361326,0.10483551025390625,0
819.8124117851257,0.5984992858886719,0.08000000000004093,17.369253037109374,0.12772369384765625,0
819.8168451786041,0.6436744567871093,0.15999999999996817,17.56963069213867,0.12772369384765625,0
819.8234412670135,0.7264381286621093,0.13999999999998636,17.532637894287106,0.13535308837890625,0
819.8265016078949,0.7992011901855468,0.08000000000004093,17.449404099121093,0.12772369384765625,0
819.8322451114655,0.8729987976074218,0.03999999999996362,17.754594681396483,0.12009429931640625,0
819.8462994098663,0.7733375427246093,0.01999999999998181,17.387749436035154,0.12009429931640625,0
819.8766145706177,0.6785041687011718,0.01999999999998181,17.45248683227539,0.13535308837890625,0
819.8943428993225,0.8712745544433593,0.05999999999994543,17.43090770019531,0.12772369384765625,0
819.8983206748962,0.8185127136230469,0.0,18.503698837890624,0.12772369384765625,0
819.9022192955017,0.8381690856933594,0.0,17.566547958984373,0.12009429931640625,0
819.9067254066467,0.8002357360839844,0.0,17.486396896972654,0.14298248291015625,0
819.9121980667114,0.7395423767089844,0.10000000000002274,17.347673905029296,0.12772369384765625,0
819.9172015190125,0.7181617614746093,0.05999999999994543,17.560382492675778,0.13535308837890625,0
819.9223256111145,0.6954017517089843,0.03999999999996362,17.575796158447265,0.10483551025390625,0
819.9273517131805,0.6881599304199219,0.01999999999998181,17.4432386328125,0.10483551025390625,0
819.9317128658295,0.7302314636230468,0.10000000000002274,17.859407608642577,0.12772369384765625,0
819.9366466999054,0.8216163513183593,0.10000000000002274,17.674443619384764,0.12772369384765625,0
819.943220615387,0.9467964050292969,0.05999999999994543,17.45865229858398,0.10483551025390625,0
819.9733180999756,0.7209205505371094,0.01999999999998181,17.532637894287106,0.12009429931640625,0
820.0305047035217,0.9878333923339844,0.13999999999998636,18.26941111816406,0.12772369384765625,0
820.0481631755829,1.1723274108886719,0.08000000000004093,18.087529862060546,0.12009429931640625,0
820.0532495975494,0.9488654968261718,0.01999999999998181,17.615871689453122,0.13535308837890625,0
820.0662713050842,0.8792060729980469,0.03999999999996362,17.514141495361326,0.15061187744140625,0
820.0963451862335,1.0692176696777342,0.01999999999998181,17.326094772949215,0.12009429931640625,0
820.113315820694,0.9457618591308593,0.05999999999994543,17.36308757080078,0.12772369384765625,0
820.1173267364502,0.9002418395996094,0.0,17.504893295898437,0.15061187744140625,0
820.1216650009155,0.9419685241699218,0.01999999999998181,17.529555161132812,0.13535308837890625,0
820.1267189979553,0.7633369323730469,0.01999999999998181,17.40932856811523,0.12772369384765625,0
820.1324179172516,0.7878211853027344,0.0,17.62820262207031,0.15824127197265625,0
820.1374020576477,0.7923042175292968,0.10000000000002274,17.625119888916014,0.14298248291015625,0
820.1420023441315,0.8388587829589843,0.17999999999994998,17.42165950073242,0.10483551025390625,0
820.147383928299,0.7547157165527344,0.17999999999994998,17.951889603271482,0.12772369384765625,0
820.1522371768951,0.7691993591308594,-0.01999999999998181,17.523389694824218,0.13535308837890625,0
820.1572577953339,1.0102485534667969,-0.05999999999994543,17.4432386328125,0.14298248291015625,0
820.1773920059204,0.9488654968261718,0.05999999999994543,17.40932856811523,0.13535308837890625,0
820.2078745365143,0.7405769226074218,0.01999999999998181,17.43090770019531,0.12009429931640625,0
820.21688580513,0.7571296569824219,0.08000000000004093,17.51105876220703,0.13535308837890625,0
820.2207260131836,0.8374793884277344,0.03999999999996362,17.591209824218748,0.12009429931640625,0
820.2259271144867,0.9688667175292969,0.03999999999996362,17.42165950073242,0.10483551025390625,0
820.2304220199585,0.9833503601074218,0.12000000000000455,17.810083878173828,0.12772369384765625,0
820.2337923049927,0.8416175720214844,0.03999999999996362,17.529555161132812,0.14298248291015625,0
820.2378866672516,0.8416175720214844,0.01999999999998181,17.603540756835937,0.12009429931640625,0
820.2428920269012,0.9085182067871094,0.01999999999998181,17.42165950073242,0.10483551025390625,0
820.2483468055725,0.7633369323730469,0.10000000000002274,17.979634201660154,0.12772369384765625,0
820.2522087097168,0.7247138854980468,0.05999999999994543,17.563465225830075,0.13535308837890625,0
820.2568893432617,0.7319557067871093,0.05999999999994543,17.48023143066406,0.10483551025390625,0
820.2630517482758,0.6585029479980469,0.03999999999996362,17.400080368652343,0.10483551025390625,0
820.2773172855377,0.8919654724121093,-0.01999999999998181,17.424742233886718,0.14298248291015625,0
820.3073165416718,0.7081611511230469,0.08000000000004093,17.486396896972654,0.13535308837890625,0
820.3253464698792,0.7229896423339843,0.08000000000004093,17.47098323120117,0.13535308837890625,0
820.3292617797852,0.8629981872558593,0.15999999999996817,17.366170303955077,0.12772369384765625,0
820.3333165645599,1.0585273620605469,0.15999999999996817,17.55113429321289,0.12772369384765625,0
820.3380835056305,0.9716255065917968,0.15999999999996817,17.625119888916014,0.12009429931640625,0
820.3432219028473,0.8236854431152344,0.10000000000002274,17.45865229858398,0.08957672119140625,0
820.3469383716583,0.9109321472167968,0.05999999999994543,18.306403916015622,0.10483551025390625,0
820.352991104126,0.7819587585449218,0.05999999999994543,17.66827815307617,0.12772369384765625,0
820.3580017089844,0.7233344909667968,0.01999999999998181,17.486396896972654,0.12009429931640625,0
820.3633131980896,0.7264381286621093,0.10000000000002274,17.4432386328125,0.12009429931640625,0
820.3683443069458,0.7081611511230469,0.05999999999994543,17.566547958984373,0.12772369384765625,0
820.3732717037201,0.7205757019042969,0.01999999999998181,17.50797602905273,0.14298248291015625,0
820.3771524429321,0.9595558044433593,0.12000000000000455,17.42165950073242,0.14298248291015625,0
820.3981771469116,0.9643836853027343,0.12000000000000455,18.414299576416013,0.10483551025390625,0
820.4291982650757,0.9640388366699219,0.05999999999994543,17.378501236572262,0.09720611572265625,0
820.4382236003876,0.8547218200683593,0.13999999999998636,17.652864487304686,0.12772369384765625,0
820.4422748088837,0.7943733093261719,-0.01999999999998181,17.48947963012695,0.09720611572265625,0
820.4473533630371,0.7440254089355468,0.05999999999994543,18.226252854003903,0.12009429931640625,0
820.4533243179321,0.7116096374511719,0.03999999999996362,17.66827815307617,0.12772369384765625,0
820.457216501236,0.7988563415527343,0.13999999999998636,17.50797602905273,0.12772369384765625,0
820.4622714519501,0.9650733825683593,0.05999999999994543,17.3415084387207,0.13535308837890625,0
820.4678103923798,1.0826667663574219,0.01999999999998181,17.560382492675778,0.10483551025390625,0
820.4731900691986,0.8381690856933594,0.10000000000002274,17.523389694824218,0.10483551025390625,0
820.4773414134979,0.8685157653808593,0.10000000000002274,17.4432386328125,0.12772369384765625,0
820.482343673706,0.8367896911621093,0.15999999999996817,17.79775294555664,0.12009429931640625,0
820.487238407135,0.7136787292480469,0.12000000000000455,17.66827815307617,0.12772369384765625,0
820.5073401927948,0.9019660827636719,0.05999999999994543,17.48947963012695,0.12772369384765625,0
820.5377125740051,0.8774818298339844,0.01999999999998181,17.612788956298825,0.12772369384765625,0
820.5466754436493,0.7798896667480468,0.05999999999994543,18.133770859374998,0.12772369384765625,0
820.5510442256927,0.7374732849121094,0.15999999999996817,17.55113429321289,0.12772369384765625,0
820.5550665855408,0.7088508483886719,0.15999999999996817,17.609706223144528,0.10483551025390625,0
820.5580542087555,0.7071266052246094,0.05999999999994543,17.483314163818356,0.10483551025390625,0
820.5630853176117,0.6729865905761718,0.13999999999998636,17.396997635498046,0.12772369384765625,0
820.5680594444275,0.7054023620605469,0.13999999999998636,17.544968826904295,0.14298248291015625,0
820.5726776123047,0.8767921325683593,0.20000000000004547,17.50181056274414,0.12009429931640625,0
820.5766916275024,1.1806037780761718,0.13999999999998636,17.400080368652343,0.10483551025390625,0
820.5823774337769,1.0774940368652344,0.08000000000004093,17.828580277099608,0.12772369384765625,0
820.5867254734039,0.8788612243652343,0.03999999999996362,17.615871689453122,0.15061187744140625,0
820.5927410125732,0.8609290954589843,0.03999999999996362,17.400080368652343,0.13535308837890625,0
820.5983083248138,0.8123054382324219,0.08000000000004093,18.38963771118164,0.15824127197265625,0
820.6242122650146,0.9036903259277344,0.01999999999998181,17.424742233886718,0.12772369384765625,0
820.6772878170013,0.8057533142089843,-0.03999999999996362,17.403163101806637,0.12772369384765625,0
820.6973032951355,1.1230140563964843,0.0,18.08136439575195,0.10483551025390625,0
820.7021987438202,1.0812873718261717,0.08000000000004093,17.504893295898437,0.13535308837890625,0
820.723313331604,0.8729987976074218,0.08000000000004093,17.48947963012695,0.12009429931640625,0
820.7537727355957,0.9254157897949218,0.05999999999994543,17.625119888916014,0.12772369384765625,0
820.7628173828125,0.8647224304199218,0.15999999999996817,17.360004837646482,0.10483551025390625,0
820.7673897743225,0.7716132995605468,0.01999999999998181,17.535720627441403,0.10483551025390625,0
820.7723124027252,0.7316108581542968,0.08000000000004093,17.563465225830075,0.12772369384765625,0
820.7772989273071,0.7143684265136718,0.08000000000004093,17.427824967041015,0.13535308837890625,0
820.7819094657898,0.7581642028808594,0.15999999999996817,17.9364759375,0.13535308837890625,0
820.7867465019226,0.9426582214355468,0.10000000000002274,17.6374508215332,0.12009429931640625,0
820.7917547225952,1.0219734069824218,0.05999999999994543,17.449404099121093,0.10483551025390625,0
820.797340631485,0.8254096862792969,0.05999999999994543,18.038206131591796,0.12772369384765625,0
820.8031811714172,0.8943794128417968,0.0,17.612788956298825,0.12009429931640625,0
820.808183670044,0.7691993591308594,0.05999999999994543,17.45865229858398,0.10483551025390625,0
820.8121898174286,0.6905738708496093,0.15999999999996817,17.329177506103512,0.12009429931640625,0
820.8332827091217,0.6591926452636718,0.12000000000000455,17.56963069213867,0.10483551025390625,0
820.859295129776,0.6691932556152344,0.08000000000004093,17.464817764892576,0.12772369384765625,0
820.8723111152649,0.6319496032714843,0.03999999999996362,17.58812709106445,0.12772369384765625,0
820.8772213459015,0.7454048034667968,0.10000000000002274,17.446321365966796,0.12772369384765625,0
820.8823118209839,1.0050758239746094,0.12000000000000455,17.998130600585935,0.12009429931640625,0
820.888346195221,0.8536872741699219,0.08000000000004093,17.63128535522461,0.12009429931640625,0
820.8933990001678,0.8319618103027343,0.08000000000004093,17.449404099121093,0.12009429931640625,0
820.8983056545258,0.7529914733886719,-0.08000000000004093,18.35881037963867,0.12009429931640625,0
820.9019551277161,0.7181617614746093,-0.08000000000004093,17.566547958984373,0.12772369384765625,0
820.9083347320557,0.6426399108886719,0.03999999999996362,17.483314163818356,0.10483551025390625,0
820.9123501777649,0.6888496276855468,0.15999999999996817,17.3415084387207,0.12772369384765625,0
820.9183201789856,0.8057533142089843,0.10000000000002274,17.544968826904295,0.12772369384765625,0
820.9229986667633,0.9198982116699218,0.13999999999998636,17.532637894287106,0.08957672119140625,0
820.927752494812,0.8826545593261719,0.13999999999998636,17.378501236572262,0.09720611572265625,0
820.9407689571381,0.7043678161621093,0.2400000000000091,17.492562363281248,0.10483551025390625,0
820.9713113307953,1.1116340515136718,0.03999999999996362,17.655947220458984,0.12009429931640625,0
820.9880630970001,0.7847175476074219,0.05999999999994543,17.634368088378903,0.09720611572265625,0
820.9930644035339,0.7543708679199218,0.05999999999994543,17.45248683227539,0.10483551025390625,0
820.9981546401978,0.8895515319824219,0.03999999999996362,18.02279246582031,0.12009429931640625,0
821.0032594203949,1.0505958435058593,0.0,17.606623489990234,0.12772369384765625,0
821.0072603225708,1.0678382751464843,0.10000000000002274,17.50181056274414,0.12009429931640625,0
821.0113544464111,0.8905860778808593,0.05999999999994543,17.356922104492185,0.12772369384765625,0
821.017215013504,0.9098976013183593,0.05999999999994543,17.55113429321289,0.12009429931640625,0
821.0223455429077,0.8578254577636718,-0.01999999999998181,17.575796158447265,0.12009429931640625,0
821.0273489952087,0.7474738952636718,0.08000000000004093,17.45865229858398,0.12772369384765625,0
821.0322623252869,0.7102302429199219,0.20000000000004547,17.770008347167966,0.14298248291015625,0
821.0383105278015,0.8012702819824219,0.01999999999998181,17.6374508215332,0.09720611572265625,0
821.0517470836639,0.9105872985839844,0.20000000000004547,17.560382492675778,0.09720611572265625,0
821.0868144035339,1.0885291931152343,0.20000000000004547,17.652864487304686,0.12009429931640625,0
821.1012063026428,0.8512733337402343,0.03999999999996362,17.541886093749998,0.14298248291015625,0
821.1047673225403,0.7240241882324219,0.08000000000004093,17.609706223144528,0.10483551025390625,0
821.1087710857391,0.5964301940917969,0.10000000000002274,17.449404099121093,0.10483551025390625,0
821.1141924858093,0.6743659851074219,0.10000000000002274,17.911814072265624,0.14298248291015625,0
821.118216753006,0.9316230651855468,0.05999999999994543,17.495645096435545,0.14298248291015625,0
821.1216585636139,1.2730232116699218,0.12000000000000455,17.52030696166992,0.12772369384765625,0
821.1276657581329,0.8195472595214843,0.08000000000004093,17.326094772949215,0.12772369384765625,0
821.1317713260651,0.8985175964355469,0.12000000000000455,17.87482127441406,0.12772369384765625,0
821.1380457878113,0.7981666442871094,0.12000000000000455,17.575796158447265,0.12009429931640625,0
821.1430621147156,0.6857459899902344,0.08000000000004093,17.387749436035154,0.12772369384765625,0
821.1638977527618,1.0809425231933594,0.01999999999998181,18.09369532836914,0.10483551025390625,0
821.19020652771,0.6622962829589844,-0.03999999999996362,17.474065964355468,0.13535308837890625,0
821.2033259868622,1.0143867370605468,0.03999999999996362,17.575796158447265,0.14298248291015625,0
821.2073729038239,0.8950691101074219,0.10000000000002274,17.446321365966796,0.12772369384765625,0
821.2128083705902,0.7829933044433594,0.12000000000000455,17.326094772949215,0.12772369384765625,0
821.2179565429688,0.7733375427246093,0.08000000000004093,17.51105876220703,0.12009429931640625,0
821.2227468490601,0.7133338806152344,0.17999999999994998,17.486396896972654,0.10483551025390625,0
821.2283279895782,0.6322944519042969,0.17999999999994998,17.347673905029296,0.12772369384765625,0
821.2317531108856,0.6743659851074219,0.05999999999994543,17.77617381347656,0.14298248291015625,0
821.238333940506,0.9930061218261719,0.0,17.566547958984373,0.12009429931640625,0
821.2422244548798,1.2250892517089842,0.10000000000002274,17.41241130126953,0.14298248291015625,0
821.2472996711731,0.7826484558105469,0.10000000000002274,17.48023143066406,0.15061187744140625,0
821.2528982162476,0.8692054626464844,0.10000000000002274,17.58196162475586,0.12009429931640625,0
821.2664136886597,0.7529914733886719,0.15999999999996817,17.55113429321289,0.12772369384765625,0
821.2957601547241,0.7367835876464843,0.15999999999996817,17.3415084387207,0.12772369384765625,0
821.3127715587616,0.8847236511230469,0.15999999999996817,17.344591171875,0.13535308837890625,0
821.3177483081818,0.8216163513183593,0.13999999999998636,17.55113429321289,0.10483551025390625,0
821.3233428001404,0.6450538513183594,0.08000000000004093,17.541886093749998,0.12772369384765625,0
821.326598405838,0.6319496032714843,0.01999999999998181,17.4432386328125,0.12009429931640625,0
821.33172082901,0.6785041687011718,0.12000000000000455,17.862490341796875,0.12772369384765625,0
821.3377265930176,0.7071266052246094,0.08000000000004093,17.63128535522461,0.12772369384765625,0
821.3428151607513,0.7081611511230469,0.10000000000002274,17.45865229858398,0.12772369384765625,0
821.3478178977966,0.8243751403808594,0.10000000000002274,18.28790751708984,0.12772369384765625,0
821.3528215885162,0.8761024353027344,0.05999999999994543,17.609706223144528,0.13535308837890625,0
821.3583936691284,0.7191963073730469,0.13999999999998636,17.48023143066406,0.13535308837890625,0
821.3618657588959,0.6143623229980468,0.10000000000002274,17.3415084387207,0.12772369384765625,0
821.3824105262756,0.7550605651855469,0.03999999999996362,17.563465225830075,0.12772369384765625,0
821.411984205246,0.6505714294433593,0.03999999999996362,17.360004837646482,0.12009429931640625,0
821.426385641098,0.7133338806152344,0.05999999999994543,17.47098323120117,0.09720611572265625,0
821.4299998283386,0.6464332458496094,0.15999999999996817,17.403163101806637,0.10483551025390625,0
821.4341905117035,0.6498817321777344,0.13999999999998636,17.55113429321289,0.12009429931640625,0
821.4381856918335,0.7760963317871094,0.13999999999998636,17.634368088378903,0.12009429931640625,0
821.4422671794891,0.7902351257324218,0.10000000000002274,17.46173503173828,0.13535308837890625,0
821.4474742412567,0.8640327331542969,0.15999999999996817,17.529555161132812,0.12772369384765625,0
821.4521992206573,0.8829994079589844,0.12000000000000455,17.548051560058592,0.12772369384765625,0
821.4572131633759,0.7805793640136719,0.12000000000000455,17.504893295898437,0.12009429931640625,0
821.4622209072113,0.6767799255371093,0.05999999999994543,17.3415084387207,0.12772369384765625,0
821.4673414230347,0.6760902282714844,0.10000000000002274,17.554217026367187,0.10483551025390625,0
821.4724040031433,0.6440193054199218,0.05999999999994543,17.58812709106445,0.10483551025390625,0
821.4928247928619,0.9254157897949218,0.15999999999996817,17.46173503173828,0.12772369384765625,0
821.5243320465088,1.0340431091308593,0.10000000000002274,17.47098323120117,0.12772369384765625,0
821.533296585083,0.8198921081542968,0.03999999999996362,17.572713425292967,0.12009429931640625,0
821.5372049808502,0.8285133239746093,0.15999999999996817,17.662112686767575,0.12009429931640625,0
821.5422549247742,0.8157539245605469,0.08000000000004093,17.46173503173828,0.12009429931640625,0
821.5472526550293,0.7640266296386719,0.03999999999996362,17.50181056274414,0.10483551025390625,0
821.5516839027405,0.6850562927246093,0.03999999999996362,17.563465225830075,0.13535308837890625,0
821.5567126274109,0.7623023864746094,0.08000000000004093,17.514141495361326,0.12009429931640625,0
821.5622017383575,0.9430030700683594,0.03999999999996362,17.326094772949215,0.15824127197265625,0
821.5672173500061,1.2043983337402342,0.13999999999998636,17.504893295898437,0.12009429931640625,0
821.572336435318,0.9619697448730469,0.08000000000004093,17.563465225830075,0.13535308837890625,0
821.578305721283,0.9350715515136718,0.03999999999996362,17.347673905029296,0.15061187744140625,0
821.582204580307,0.8857581970214843,0.10000000000002274,17.961137802734374,0.14298248291015625,0
821.5972142219543,0.7788551208496094,0.10000000000002274,17.36308757080078,0.10483551025390625,0
821.6273066997528,0.7919593688964843,0.08000000000004093,17.384666702880857,0.13535308837890625,0
821.644193649292,0.5895332214355469,-0.05999999999994543,17.378501236572262,0.13535308837890625,0
821.648265838623,0.5650489685058594,0.17999999999994998,17.96422053588867,0.12772369384765625,0
821.6522815227509,0.5747047302246093,0.15999999999996817,17.51105876220703,0.12772369384765625,0
821.6572856903076,0.6826423522949219,0.12000000000000455,17.446321365966796,0.12772369384765625,0
821.6622936725616,0.8240302917480469,0.08000000000004093,17.286019241943357,0.12772369384765625,0
821.6672985553741,0.7795448181152344,0.17999999999994998,17.50181056274414,0.12772369384765625,0
821.672340631485,0.6460883972167969,0.08000000000004093,17.563465225830075,0.12772369384765625,0
821.6778266429901,0.6133277770996094,0.08000000000004093,17.36308757080078,0.12772369384765625,0
821.6830143928528,0.6271217224121094,0.20000000000004547,17.52030696166992,0.10483551025390625,0
821.6882967948914,0.5650489685058594,-0.01999999999998181,17.603540756835937,0.14298248291015625,0
821.7005889415741,0.9992133972167968,0.08000000000004093,17.483314163818356,0.13535308837890625,0
821.7312963008881,0.6088447448730469,0.03999999999996362,17.871738541259763,0.13535308837890625,0
821.7482182979584,0.6726417419433594,0.17999999999994998,17.908731339111327,0.12772369384765625,0
821.7516391277313,0.6716071960449218,0.05999999999994543,17.529555161132812,0.12009429931640625,0
821.7572946548462,0.7433357116699219,0.03999999999996362,17.474065964355468,0.12009429931640625,0
821.7616662979126,0.5540138122558593,0.03999999999996362,17.329177506103512,0.14298248291015625,0
821.7676892280579,0.5050453063964844,0.10000000000002274,17.541886093749998,0.14298248291015625,0
821.7723870277405,0.5498756286621094,0.05999999999994543,17.594292557373045,0.12772369384765625,0
821.777316570282,0.7771308776855469,0.13999999999998636,17.424742233886718,0.12009429931640625,0
821.7816977500916,0.8892066833496093,0.10000000000002274,17.813166611328125,0.12009429931640625,0
821.7883038520813,0.7488532897949218,0.03999999999996362,17.643616287841795,0.10483551025390625,0
821.7922255992889,0.7033332702636719,0.08000000000004093,17.46173503173828,0.09720611572265625,0
821.7971897125244,0.6729865905761718,0.08000000000004093,17.427824967041015,0.10483551025390625,0
821.8112986087799,0.5702216979980469,0.05999999999994543,17.446321365966796,0.12009429931640625,0
821.8408308029175,0.7498878356933594,0.01999999999998181,17.48947963012695,0.12009429931640625,0
821.8579623699188,0.8319618103027343,0.05999999999994543,17.46173503173828,0.12009429931640625,0
821.8629622459412,1.0264564392089843,0.05999999999994543,17.360004837646482,0.10483551025390625,0
821.8678779602051,0.8288581726074219,0.05999999999994543,17.55113429321289,0.14298248291015625,0
821.8732166290283,0.7547157165527344,0.15999999999996817,17.535720627441403,0.09720611572265625,0
821.877206325531,0.7054023620605469,0.10000000000002274,17.446321365966796,0.12009429931640625,0
821.8822159767151,0.6678138610839843,0.10000000000002274,17.785422012939453,0.12009429931640625,0
821.8872299194336,0.5205634948730469,0.05999999999994543,17.662112686767575,0.13535308837890625,0
821.8922309875488,0.5467719909667969,0.13999999999998636,17.48023143066406,0.10483551025390625,0
821.8970906734467,0.6174659606933594,0.08000000000004093,17.427824967041015,0.12009429931640625,0
821.9029564857483,0.7474738952636718,0.03999999999996362,17.603540756835937,0.12009429931640625,0
821.9083375930786,0.8343757507324219,0.12000000000000455,17.495645096435545,0.12009429931640625,0
821.9130499362946,0.7074714538574218,0.22000000000002728,17.396997635498046,0.10483551025390625,0
821.9273023605347,0.5950507995605469,0.22000000000002728,17.483314163818356,0.12009429931640625,0
821.9566948413849,0.6453986999511718,0.10000000000002274,17.532637894287106,0.13535308837890625,0
821.974326133728,0.4584907409667968,-0.01999999999998181,17.52030696166992,0.12772369384765625,0
821.97829413414,0.4636634704589843,0.13999999999998636,17.4432386328125,0.12772369384765625,0
821.9823760986328,0.6026374694824219,0.12000000000000455,17.779256546630858,0.13535308837890625,0
821.9867060184479,0.9312782165527344,0.12000000000000455,17.655947220458984,0.10483551025390625,0
821.9927823543549,0.7960975524902344,0.17999999999994998,17.45865229858398,0.12009429931640625,0
821.9983310699463,0.7433357116699219,0.10000000000002274,17.770008347167966,0.12009429931640625,0
822.0026969909668,0.6498817321777344,0.05999999999994543,17.58812709106445,0.09720611572265625,0
822.0077803134918,0.6291908142089844,0.05999999999994543,17.495645096435545,0.10483551025390625,0
822.0133233070374,0.5095283386230468,0.12000000000000455,17.384666702880857,0.10483551025390625,0
822.0167615413666,0.5747047302246093,-0.05999999999994543,17.560382492675778,0.12772369384765625,0
822.0313863754272,0.8160987731933593,0.03999999999996362,17.773091080322263,0.14298248291015625,0
822.0608592033386,0.5247016784667968,0.01999999999998181,17.4432386328125,0.12772369384765625,0
822.0782940387726,1.0464576599121094,0.01999999999998181,17.400080368652343,0.12009429931640625,0
822.0829839706421,0.7823036071777344,0.05999999999994543,17.535720627441403,0.14298248291015625,0
822.0880870819092,0.8250648376464843,0.03999999999996362,17.594292557373045,0.13535308837890625,0
822.0931754112244,1.0378364440917969,0.13999999999998636,17.406245834960934,0.12772369384765625,0
822.098194360733,0.8698951599121093,0.13999999999998636,17.862490341796875,0.12772369384765625,0
822.1032912731171,0.8398933288574219,0.03999999999996362,17.50181056274414,0.15061187744140625,0
822.1073133945465,0.9467964050292969,0.15999999999996817,17.45248683227539,0.12009429931640625,0
822.1132369041443,1.0650794860839843,0.10000000000002274,17.310681107177732,0.13535308837890625,0
822.1173014640808,0.9178291198730468,0.05999999999994543,17.504893295898437,0.13535308837890625,0
822.1222803592682,0.8554115173339844,0.05999999999994543,17.55113429321289,0.14298248291015625,0
822.1265952587128,0.9119666931152344,0.01999999999998181,17.396997635498046,0.10483551025390625,0
822.147581577301,0.7185066101074219,0.08000000000004093,17.79775294555664,0.12009429931640625,0
822.1786005496979,0.6781593200683593,0.03999999999996362,17.289101975097655,0.12772369384765625,0
822.1877415180206,0.6288459655761719,0.01999999999998181,17.594292557373045,0.13535308837890625,0
822.1926198005676,0.5774635192871094,0.01999999999998181,17.418576767578124,0.12009429931640625,0
822.1973168849945,0.6929878112792969,0.08000000000004093,17.344591171875,0.14298248291015625,0
822.2016198635101,0.9278297302246094,0.0,17.50181056274414,0.12772369384765625,0
822.2066733837128,0.8264442321777343,0.12000000000000455,17.48023143066406,0.13535308837890625,0
822.2123754024506,0.6547096130371094,0.12000000000000455,17.316846573486327,0.12009429931640625,0
822.2166171073914,0.6385017272949218,0.15999999999996817,17.50181056274414,0.10483551025390625,0
822.2223343849182,0.6457435485839843,0.10000000000002274,17.572713425292967,0.12009429931640625,0
822.2263419628143,0.4878028747558593,0.03999999999996362,17.41241130126953,0.12772369384765625,0
822.2322990894318,0.43124769897460935,0.0,17.788504746093746,0.12772369384765625,0
822.2373881340027,0.5767738220214844,0.08000000000004093,17.609706223144528,0.12772369384765625,0
822.2509133815765,0.6026374694824219,0.08000000000004093,17.52030696166992,0.12772369384765625,0
822.2809488773346,0.9074836608886718,0.12000000000000455,17.77617381347656,0.10483551025390625,0
822.2979309558868,0.5636695739746094,0.12000000000000455,17.840911209716793,0.10483551025390625,0
822.3033163547516,0.4946998474121093,0.05999999999994543,17.572713425292967,0.12009429931640625,0
822.3069376945496,0.3233100769042968,0.15999999999996817,17.532637894287106,0.12009429931640625,0
822.3132088184357,0.43676527709960933,0.10000000000002274,17.350756638183594,0.14298248291015625,0
822.3172037601471,0.8371345397949218,0.05999999999994543,17.544968826904295,0.12772369384765625,0
822.3232073783875,0.6843665954589844,0.13999999999998636,17.560382492675778,0.10483551025390625,0
822.3269786834717,0.4760780212402343,0.08000000000004093,17.45865229858398,0.12009429931640625,0
822.3333311080933,0.4377998229980468,0.08000000000004093,17.563465225830075,0.12772369384765625,0
822.3383159637451,0.8060981628417968,0.15999999999996817,17.63128535522461,0.12009429931640625,0
822.3422334194183,0.9626594421386718,0.10000000000002274,17.45248683227539,0.10483551025390625,0
822.347246170044,0.9392097351074218,0.12000000000000455,17.378501236572262,0.12009429931640625,0
822.3610608577728,0.7423011657714843,0.05999999999994543,17.433990433349607,0.10483551025390625,0
822.3910899162292,0.7626472351074218,0.15999999999996817,17.52030696166992,0.10483551025390625,0
822.4081230163574,0.6436744567871093,0.15999999999996817,17.514141495361326,0.13535308837890625,0
822.4131150245667,0.6805732604980469,0.13999999999998636,17.37233577026367,0.13535308837890625,0
822.4180796146393,0.8416175720214844,0.13999999999998636,17.560382492675778,0.13535308837890625,0
822.4231424331665,0.9802467224121093,0.13999999999998636,17.572713425292967,0.10483551025390625,0
822.4282224178314,0.8681709167480468,0.08000000000004093,17.45248683227539,0.09720611572265625,0
822.4322109222412,0.7757514831542969,0.13999999999998636,18.244749252929687,0.12009429931640625,0
822.4372141361237,0.7733375427246093,0.08000000000004093,17.652864487304686,0.09720611572265625,0
822.4422044754028,0.7454048034667968,0.03999999999996362,17.483314163818356,0.12009429931640625,0
822.4482479095459,0.5947059509277344,0.0,18.16151545776367,0.12772369384765625,0
822.4522640705109,0.5960853454589844,0.05999999999994543,17.575796158447265,0.12772369384765625,0
822.4572665691376,0.6260871765136719,0.05999999999994543,17.532637894287106,0.10483551025390625,0
822.478289604187,0.7912696716308594,0.20000000000004547,17.446321365966796,0.12772369384765625,0
822.5041923522949,0.49538954467773433,0.0,17.66827815307617,0.12009429931640625,0
822.5172908306122,0.7854072448730468,0.10000000000002274,17.563465225830075,0.09720611572265625,0
822.5222473144531,0.5902229187011718,0.12000000000000455,17.62820262207031,0.10483551025390625,0
822.5265264511108,0.5450477478027344,0.13999999999998636,17.449404099121093,0.10483551025390625,0
822.5317099094391,0.6253974792480469,0.08000000000004093,18.324900314941406,0.12009429931640625,0
822.5382966995239,0.5678077575683593,0.17999999999994998,17.652864487304686,0.10483551025390625,0
822.5422375202179,0.5912574645996094,0.05999999999994543,17.46173503173828,0.13535308837890625,0
822.5472490787506,0.7757514831542969,0.05999999999994543,17.384666702880857,0.13535308837890625,0
822.5522525310516,0.9419685241699218,0.15999999999996817,17.523389694824218,0.15061187744140625,0
822.5572504997253,0.8371345397949218,0.10000000000002274,17.48023143066406,0.12772369384765625,0
822.5622591972351,0.6485023376464844,0.17999999999994998,17.304515640869138,0.14298248291015625,0
822.5672564506531,0.6860908386230469,0.12000000000000455,17.50181056274414,0.15061187744140625,0
822.5883872509003,0.6919532653808593,0.12000000000000455,17.594292557373045,0.13535308837890625,0
822.6143202781677,0.9554176208496094,0.15999999999996817,17.42165950073242,0.13535308837890625,0
822.6267399787903,0.6660896179199218,0.03999999999996362,17.384666702880857,0.12772369384765625,0
822.6307485103607,0.9171394226074219,0.12000000000000455,18.019709732666012,0.13535308837890625,0
822.6348459720612,1.0447334167480469,0.10000000000002274,17.486396896972654,0.12772369384765625,0
822.6380021572113,1.0447334167480469,0.20000000000004547,17.606623489990234,0.12772369384765625,0
822.6432900428772,0.8192024108886719,0.20000000000004547,17.418576767578124,0.14298248291015625,0
822.6463944911957,0.7623023864746094,0.13999999999998636,17.3415084387207,0.14298248291015625,0
822.6517663002014,0.7764411804199218,0.20000000000004547,17.51105876220703,0.10483551025390625,0
822.6584339141846,0.6485023376464844,0.13999999999998636,17.433990433349607,0.13535308837890625,0
822.6624157428741,0.5791877624511719,0.15999999999996817,17.319929306640624,0.12009429931640625,0
822.6668260097504,0.7823036071777344,0.15999999999996817,17.50797602905273,0.12772369384765625,0
822.6732954978943,0.9492103454589843,0.10000000000002274,17.529555161132812,0.14298248291015625,0
822.6862051486969,0.6450538513183594,0.20000000000004547,17.529555161132812,0.12009429931640625,0
822.7153775691986,0.4146949645996093,0.12000000000000455,17.979634201660154,0.13535308837890625,0
822.7322323322296,0.5536689636230469,0.10000000000002274,17.939558670654296,0.12772369384765625,0
822.7363138198853,0.7623023864746094,0.20000000000004547,17.548051560058592,0.10483551025390625,0
822.7402942180634,0.6540199157714843,0.08000000000004093,17.541886093749998,0.12009429931640625,0
822.7441864013672,0.4784919616699218,0.08000000000004093,17.449404099121093,0.12772369384765625,0
822.747323513031,0.3533119079589843,0.12000000000000455,17.384666702880857,0.13535308837890625,0
822.7522521018982,0.45642164916992184,0.12000000000000455,17.544968826904295,0.14298248291015625,0
822.7572484016418,0.8119605895996094,0.05999999999994543,17.51105876220703,0.13535308837890625,0
822.762350320816,0.9602455017089844,0.10000000000002274,17.33226023925781,0.09720611572265625,0
822.7667527198792,0.7195411560058593,0.17999999999994998,17.535720627441403,0.12009429931640625,0
822.7732357978821,0.5740150329589844,-0.03999999999996362,17.55113429321289,0.12009429931640625,0
822.776620388031,0.5884986755371093,0.03999999999996362,17.446321365966796,0.12772369384765625,0
822.7823309898376,0.5540138122558593,0.03999999999996362,17.92414500488281,0.10483551025390625,0
822.7873919010162,0.5519447204589844,0.12000000000000455,17.634368088378903,0.10483551025390625,0
822.8077080249786,0.5743598815917969,0.15999999999996817,17.48947963012695,0.12772369384765625,0
822.8387298583984,0.8723091003417969,0.10000000000002274,17.606623489990234,0.12772369384765625,0
822.8483302593231,0.7619575378417969,0.03999999999996362,18.001213333740232,0.10483551025390625,0
822.851847410202,0.7423011657714843,0.03999999999996362,17.575796158447265,0.10483551025390625,0
822.8582935333252,0.6174659606933594,-0.01999999999998181,17.492562363281248,0.10483551025390625,0
822.8622176647186,0.6602271911621094,0.10000000000002274,17.384666702880857,0.12772369384765625,0
822.8673164844513,0.8502387878417969,0.03999999999996362,17.563465225830075,0.12772369384765625,0
822.8733224868774,1.0061103698730467,0.03999999999996362,17.563465225830075,0.10483551025390625,0
822.8782942295074,0.8743781921386719,0.10000000000002274,17.4401558996582,0.13535308837890625,0
822.8829262256622,0.7423011657714843,0.03999999999996362,17.692940018310544,0.12009429931640625,0
822.8883209228516,0.7623023864746094,0.13999999999998636,17.674443619384764,0.12772369384765625,0
822.8922064304352,0.6591926452636718,0.10000000000002274,17.48947963012695,0.14298248291015625,0
822.9132919311523,0.9105872985839844,0.10000000000002274,17.350756638183594,0.10483551025390625,0
822.9403901100159,0.5802223083496094,0.03999999999996362,17.55113429321289,0.12009429931640625,0
822.9527261257172,0.8888618347167968,0.05999999999994543,17.523389694824218,0.12772369384765625,0
822.9567306041718,0.7440254089355468,0.22000000000002728,17.48947963012695,0.12772369384765625,0
822.9621915817261,0.7760963317871094,0.22000000000002728,17.33226023925781,0.12772369384765625,0
822.9667479991913,0.6688484069824219,0.05999999999994543,17.50797602905273,0.13535308837890625,0
822.9717364311218,0.6312599060058594,0.12000000000000455,17.572713425292967,0.12009429931640625,0
822.9773333072662,0.6543647644042968,0.08000000000004093,17.384666702880857,0.13535308837890625,0
822.9817004203796,0.9154151794433594,0.03999999999996362,18.08136439575195,0.13535308837890625,0
822.9882869720459,0.8023048278808593,0.12000000000000455,17.609706223144528,0.12772369384765625,0
822.9922070503235,0.7050575134277344,0.13999999999998636,17.418576767578124,0.13535308837890625,0
822.9972159862518,0.6288459655761719,0.13999999999998636,17.307598374023435,0.14298248291015625,0
823.0027537345886,0.6226386901855469,0.10000000000002274,17.50181056274414,0.14298248291015625,0
823.0282919406891,0.6616065856933594,0.03999999999996362,17.39083216918945,0.12772369384765625,0
823.0782289505005,0.6071205017089844,0.12000000000000455,17.40932856811523,0.12772369384765625,0
823.1002912521362,0.7229896423339843,-0.03999999999996362,17.548051560058592,0.12772369384765625,0
823.1036591529846,0.8826545593261719,0.13999999999998636,17.63128535522461,0.13535308837890625,0
823.1082279682159,0.7847175476074219,0.03999999999996362,17.467900498046873,0.12009429931640625,0
823.1252427101135,0.8554115173339844,0.0,17.46173503173828,0.12772369384765625,0
823.1662909984589,0.5247016784667968,0.0,17.773091080322263,0.12772369384765625,0
823.188276052475,0.7185066101074219,0.05999999999994543,17.655947220458984,0.14298248291015625,0
823.1922206878662,0.8078224060058593,0.17999999999994998,17.474065964355468,0.12009429931640625,0
823.1972663402557,0.7440254089355468,0.05999999999994543,17.38158396972656,0.12772369384765625,0
823.2022798061371,0.5619453308105469,0.05999999999994543,17.560382492675778,0.12009429931640625,0
823.2072834968567,0.5364265319824219,0.10000000000002274,17.548051560058592,0.13535308837890625,0
823.2122864723206,0.5643592712402343,0.05999999999994543,17.400080368652343,0.12009429931640625,0
823.2172906398773,0.4467658874511718,0.15999999999996817,17.572713425292967,0.12772369384765625,0
823.2343013286591,0.7154029724121094,0.10000000000002274,17.56963069213867,0.10483551025390625,0
823.272367477417,0.6688484069824219,0.20000000000004547,17.646699020996092,0.12009429931640625,0
823.288724899292,0.6112586853027343,0.13999999999998636,17.62820262207031,0.13535308837890625,0
823.2922897338867,0.6619514343261719,0.03999999999996362,17.486396896972654,0.12009429931640625,0
823.2973802089691,0.8326515075683594,0.03999999999996362,17.37233577026367,0.12772369384765625,0
823.3017237186432,0.8878272888183594,0.15999999999996817,17.548051560058592,0.12009429931640625,0
823.3063743114471,0.6726417419433594,0.22000000000002728,17.55113429321289,0.10483551025390625,0
823.3117065429688,0.6343635437011719,0.15999999999996817,17.403163101806637,0.12009429931640625,0
823.317289352417,0.6760902282714844,0.10000000000002274,17.575796158447265,0.12009429931640625,0
823.3222835063934,0.5140113708496094,0.10000000000002274,17.646699020996092,0.10483551025390625,0
823.3272380828857,0.46090468139648433,0.01999999999998181,17.464817764892576,0.12009429931640625,0
823.3332827091217,0.6926429626464844,0.12000000000000455,17.622037155761717,0.12772369384765625,0
823.3629086017609,0.6964362976074219,0.05999999999994543,17.347673905029296,0.12772369384765625,0
823.4219424724579,0.9243812438964844,0.13999999999998636,17.572713425292967,0.14298248291015625,0
823.4399638175964,0.9440376159667968,0.03999999999996362,17.50797602905273,0.14298248291015625,0
823.4532883167267,0.8388587829589843,0.0,17.504893295898437,0.15061187744140625,0
823.483273267746,0.8260993835449219,0.17999999999994998,17.754594681396483,0.14298248291015625,0
823.5002727508545,0.6367774841308593,0.08000000000004093,17.652864487304686,0.13535308837890625,0
823.5032086372375,0.6640205261230469,0.10000000000002274,17.52030696166992,0.12772369384765625,0
823.5072729587555,0.6016029235839844,0.10000000000002274,17.50797602905273,0.12009429931640625,0
823.5121207237244,0.5543586608886719,0.08000000000004093,17.36308757080078,0.12772369384765625,0
823.5182099342346,0.6760902282714844,0.17999999999994998,17.492562363281248,0.14298248291015625,0
823.5222644805908,0.9005866882324218,0.12000000000000455,17.58812709106445,0.14298248291015625,0
823.5272974967957,0.8705848571777344,0.05999999999994543,17.41241130126953,0.10483551025390625,0
823.5322940349579,0.6981605407714844,0.05999999999994543,18.383472244873044,0.13535308837890625,0
823.5373013019562,0.6157417175292969,0.10000000000002274,17.544968826904295,0.12772369384765625,0
823.5432832241058,0.6391914245605469,0.05999999999994543,17.427824967041015,0.12772369384765625,0
823.5473036766052,0.4774574157714843,0.15999999999996817,17.326094772949215,0.10483551025390625,0
823.5522916316986,0.4922859069824218,0.08000000000004093,17.52030696166992,0.14298248291015625,0
823.5663011074066,0.8743781921386719,0.05999999999994543,18.343396713867186,0.09720611572265625,0
823.6253409385681,0.40365980834960935,0.05999999999994543,17.492562363281248,0.12009429931640625,0
823.6513578891754,0.7709236022949219,0.13999999999998636,17.560382492675778,0.14298248291015625,0
823.6553621292114,0.6481574890136719,0.01999999999998181,17.652864487304686,0.12009429931640625,0
823.6591923236847,0.7923042175292968,0.01999999999998181,17.474065964355468,0.12772369384765625,0
823.6632068157196,0.7457496520996093,0.01999999999998181,17.344591171875,0.14298248291015625,0
823.6833202838898,1.0085243103027344,0.13999999999998636,17.74842921508789,0.12009429931640625,0
823.7422292232513,0.6881599304199219,0.05999999999994543,17.50797602905273,0.10483551025390625,0
823.7612500190735,0.6598823425292969,0.17999999999994998,17.45248683227539,0.10483551025390625,0
823.7652802467346,0.8043739196777343,0.08000000000004093,18.266328385009764,0.12009429931640625,0
823.7782592773438,0.6760902282714844,0.20000000000004547,17.46173503173828,0.10483551025390625,0
823.8082828521729,0.8309272644042969,0.13999999999998636,17.492562363281248,0.12772369384765625,0
823.8261802196503,0.5960853454589844,0.01999999999998181,17.474065964355468,0.12009429931640625,0
823.8301813602448,0.5143562194824218,0.10000000000002274,17.350756638183594,0.10483551025390625,0
823.8342730998993,0.5467719909667969,0.20000000000004547,17.544968826904295,0.12009429931640625,0
823.838321685791,0.7247138854980468,0.0,17.652864487304686,0.13535308837890625,0
823.8432114124298,0.9485206481933594,0.0,17.46173503173828,0.10483551025390625,0
823.8472135066986,0.7854072448730468,0.03999999999996362,17.369253037109374,0.13535308837890625,0
823.852276802063,0.6816078063964843,0.13999999999998636,17.554217026367187,0.12009429931640625,0
823.8572759628296,0.6047065612792969,-0.05999999999994543,17.554217026367187,0.12009429931640625,0
823.8622784614563,0.6957466003417968,0.13999999999998636,17.424742233886718,0.12772369384765625,0
823.8672807216644,0.6188453552246094,0.13999999999998636,17.572713425292967,0.12772369384765625,0
823.8722009658813,0.6847114440917969,0.08000000000004093,17.625119888916014,0.14298248291015625,0
823.8773169517517,0.9050697204589844,0.01999999999998181,17.427824967041015,0.12772369384765625,0
823.8823142051697,0.8867927429199218,0.12000000000000455,17.96422053588867,0.15061187744140625,0
823.8963701725006,0.6460883972167969,0.05999999999994543,17.28293650878906,0.12772369384765625,0
823.9272782802582,0.7619575378417969,0.05999999999994543,17.384666702880857,0.14298248291015625,0
823.9450705051422,0.9905921813964843,0.13999999999998636,17.384666702880857,0.09720611572265625,0
823.949152469635,0.9064491149902343,0.08000000000004093,18.001213333740232,0.12009429931640625,0
823.9527912139893,0.7602332946777344,0.13999999999998636,17.514141495361326,0.12772369384765625,0
823.9578266143799,0.6602271911621094,0.13999999999998636,17.45865229858398,0.12772369384765625,0
823.9629197120667,0.7564399597167969,0.10000000000002274,17.286019241943357,0.14298248291015625,0
823.9679088592529,0.7802345153808593,0.13999999999998636,17.50181056274414,0.12009429931640625,0
823.9727704524994,0.8943794128417968,0.10000000000002274,17.52030696166992,0.13535308837890625,0
823.9783225059509,0.9412788269042969,0.17999999999994998,17.39083216918945,0.12772369384765625,0
823.9832994937897,0.7912696716308594,0.10000000000002274,17.76692561401367,0.12009429931640625,0
823.9873428344727,0.6305702087402344,0.10000000000002274,17.615871689453122,0.12009429931640625,0
824.0014193058014,0.6347083923339844,0.12000000000000455,17.50797602905273,0.12009429931640625,0
824.031378030777,0.5433235046386719,0.22000000000002728,17.396997635498046,0.12772369384765625,0
824.0487940311432,0.6943672058105469,0.17999999999994998,18.38655497802734,0.09720611572265625,0
824.0527906417847,0.5440132019042969,0.10000000000002274,17.55113429321289,0.10483551025390625,0
824.0583016872406,0.3491737243652343,0.15999999999996817,17.483314163818356,0.12772369384765625,0
824.062310218811,0.4060737487792968,0.10000000000002274,17.43090770019531,0.10483551025390625,0
824.0674095153809,0.6547096130371094,0.20000000000004547,17.594292557373045,0.14298248291015625,0
824.0732769966125,0.8071327087402344,0.20000000000004547,17.56963069213867,0.12772369384765625,0
824.0773928165436,0.7716132995605468,0.22000000000002728,17.45248683227539,0.10483551025390625,0
824.0823037624359,0.4912513610839843,0.12000000000000455,18.065950729980468,0.12772369384765625,0
824.0872881412506,0.5102180358886719,0.22000000000002728,17.554217026367187,0.12772369384765625,0
824.0921149253845,0.6726417419433594,0.15999999999996817,17.464817764892576,0.12772369384765625,0
824.0983188152313,0.8205818054199219,0.15999999999996817,17.560382492675778,0.12772369384765625,0
824.1113262176514,0.5315986511230468,0.08000000000004093,17.4432386328125,0.12009429931640625,0
824.1412830352783,0.7250587341308593,0.20000000000004547,17.544968826904295,0.12772369384765625,0
824.1592223644257,0.9371406433105468,0.15999999999996817,17.474065964355468,0.12009429931640625,0
824.1622359752655,0.9467964050292969,0.08000000000004093,17.433990433349607,0.14298248291015625,0
824.1672375202179,0.8829994079589844,0.08000000000004093,17.594292557373045,0.12772369384765625,0
824.1720707416534,0.7650611755371094,0.01999999999998181,17.646699020996092,0.09720611572265625,0
824.178275346756,0.7005744812011718,0.08000000000004093,17.45248683227539,0.12772369384765625,0
824.1822047233582,0.6747108337402343,0.01999999999998181,17.91489680541992,0.13535308837890625,0
824.1872837543488,0.7078163024902343,0.10000000000002274,17.56963069213867,0.12772369384765625,0
824.1916332244873,0.8312721130371094,0.10000000000002274,17.48023143066406,0.10483551025390625,0
824.1977000236511,1.0199043151855467,0.13999999999998636,17.62820262207031,0.12772369384765625,0
824.2033090591431,0.7895454284667969,0.08000000000004093,17.56963069213867,0.12772369384765625,0
824.2068028450012,0.6609168884277343,0.0,17.566547958984373,0.12772369384765625,0
824.2263948917389,0.5267707702636719,0.10000000000002274,17.464817764892576,0.12772369384765625,0
824.2534153461456,0.7398872253417969,0.05999999999994543,17.572713425292967,0.10483551025390625,0
824.2673156261444,0.6440193054199218,0.13999999999998636,17.6374508215332,0.13535308837890625,0
824.2712607383728,0.9109321472167968,0.01999999999998181,17.625119888916014,0.15824127197265625,0
824.275283575058,0.9802467224121093,0.01999999999998181,17.45248683227539,0.14298248291015625,0
824.2784588336945,0.9147254821777343,0.17999999999994998,17.347673905029296,0.12772369384765625,0
824.2832860946655,0.8302375671386718,0.08000000000004093,18.127605393066403,0.14298248291015625,0
824.2873070240021,0.7202308532714844,0.08000000000004093,17.514141495361326,0.12772369384765625,0
824.2923097610474,0.7954078552246093,0.03999999999996362,17.418576767578124,0.12009429931640625,0
824.2972927093506,0.6905738708496093,0.13999999999998636,17.289101975097655,0.12009429931640625,0
824.3022873401642,0.6181556579589843,0.08000000000004093,17.48947963012695,0.10483551025390625,0
824.3073699474335,0.6612617370605468,0.03999999999996362,17.48947963012695,0.14298248291015625,0
824.3128476142883,0.9526588317871093,0.03999999999996362,17.276771042480465,0.14298248291015625,0
824.3253796100616,0.8012702819824219,0.08000000000004093,17.41241130126953,0.15824127197265625,0
824.3563160896301,0.7274726745605469,0.03999999999996362,17.560382492675778,0.13535308837890625,0
824.3733704090118,0.6202247497558594,0.08000000000004093,17.495645096435545,0.14298248291015625,0
824.378274679184,0.6071205017089844,0.08000000000004093,17.400080368652343,0.15061187744140625,0
824.3831639289856,0.6519508239746094,0.03999999999996362,18.34956218017578,0.12772369384765625,0
824.3882739543915,0.6847114440917969,0.15999999999996817,17.609706223144528,0.13535308837890625,0
824.391476392746,0.8971382019042968,0.10000000000002274,17.424742233886718,0.13535308837890625,0
824.3964776992798,1.0519752380371092,0.03999999999996362,17.30143290771484,0.10483551025390625,0
824.4021785259247,0.8392036315917969,0.03999999999996362,17.51105876220703,0.12009429931640625,0
824.4069459438324,0.7326454040527344,0.05999999999994543,17.526472427978515,0.12772369384765625,0
824.4131855964661,0.7978217956542969,0.17999999999994998,17.289101975097655,0.13535308837890625,0
824.4172015190125,0.7633369323730469,0.12000000000000455,17.674443619384764,0.12772369384765625,0
824.4219269752502,0.7374732849121094,0.12000000000000455,17.615871689453122,0.12772369384765625,0
824.4426710605621,0.7626472351074218,0.12000000000000455,17.446321365966796,0.13535308837890625,0
824.4736928939819,0.5512550231933594,0.15999999999996817,17.544968826904295,0.12772369384765625,0
824.483279466629,0.5084937927246094,0.17999999999994998,18.18001185668945,0.13535308837890625,0
824.4882788658142,0.46780165405273433,0.08000000000004093,17.652864487304686,0.12009429931640625,0
824.4923083782196,0.6136726257324219,0.12000000000000455,17.47098323120117,0.12772369384765625,0
824.4983208179474,0.8212715026855468,0.12000000000000455,17.625119888916014,0.12772369384765625,0
824.5023558139801,0.6602271911621094,0.13999999999998636,17.544968826904295,0.12772369384765625,0
824.5072391033173,0.5057350036621093,0.05999999999994543,17.572713425292967,0.10483551025390625,0
824.5117471218109,0.46262892456054683,0.15999999999996817,17.43090770019531,0.12009429931640625,0
824.5167756080627,0.5981544372558594,0.15999999999996817,17.683691818847656,0.12772369384765625,0
824.5228490829468,0.7502326843261719,0.08000000000004093,17.585044357910153,0.12009429931640625,0
824.5282788276672,0.7788551208496094,0.10000000000002274,17.4432386328125,0.12772369384765625,0
824.5332717895508,0.5836707946777344,0.13999999999998636,18.133770859374998,0.10483551025390625,0
824.5473577976227,0.5040107604980468,0.08000000000004093,17.350756638183594,0.12772369384765625,0
824.5775482654572,0.7498878356933594,0.17999999999994998,17.4401558996582,0.12772369384765625,0
824.5951235294342,0.6795387145996094,0.13999999999998636,17.446321365966796,0.10483551025390625,0
824.5982151031494,0.6533302185058594,0.05999999999994543,17.424742233886718,0.13535308837890625,0
824.6022198200226,0.6222938415527344,0.17999999999994998,17.55113429321289,0.12772369384765625,0
824.6065979003906,0.5802223083496094,-0.01999999999998181,17.566547958984373,0.12772369384765625,0
824.6125869750977,0.49780348510742184,-0.01999999999998181,17.356922104492185,0.12772369384765625,0
824.6166636943817,0.6274665710449219,0.03999999999996362,17.71760188354492,0.12009429931640625,0
824.6215460300446,1.0099037048339843,0.12000000000000455,17.6374508215332,0.14298248291015625,0
824.6266496181488,0.9074836608886718,0.08000000000004093,17.46173503173828,0.12009429931640625,0
824.6329212188721,0.7360938903808594,0.15999999999996817,18.244749252929687,0.13535308837890625,0
824.6379327774048,0.6954017517089843,0.10000000000002274,17.655947220458984,0.10483551025390625,0
824.6429364681244,0.7347144958496094,0.10000000000002274,17.483314163818356,0.14298248291015625,0
824.6563847064972,0.8381690856933594,0.03999999999996362,17.609706223144528,0.12009429931640625,0
824.6857471466064,0.6757453796386719,-0.05999999999994543,17.563465225830075,0.10483551025390625,0
824.7027552127838,0.8895515319824219,0.10000000000002274,17.523389694824218,0.12009429931640625,0
824.7081100940704,0.7719581481933594,0.10000000000002274,17.467900498046873,0.14298248291015625,0
824.7133190631866,0.7702339050292969,0.05999999999994543,17.298350174560547,0.13535308837890625,0
824.7173135280609,0.7798896667480468,0.17999999999994998,17.692940018310544,0.12009429931640625,0
824.7217652797699,0.7754066345214844,0.12000000000000455,17.58812709106445,0.14298248291015625,0
824.7279183864594,0.7885108825683593,0.08000000000004093,17.378501236572262,0.13535308837890625,0
824.7332730293274,0.8147193786621093,0.08000000000004093,18.30023844970703,0.12772369384765625,0
824.7382771968842,0.8440315124511718,0.13999999999998636,17.58812709106445,0.15061187744140625,0
824.7417683601379,0.8550666687011719,0.08000000000004093,17.40932856811523,0.12009429931640625,0
824.7482194900513,0.7116096374511719,0.01999999999998181,17.51105876220703,0.14298248291015625,0
824.7518870830536,0.6754005310058594,-0.01999999999998181,17.495645096435545,0.10483551025390625,0
824.7728943824768,0.6526405212402343,0.08000000000004093,17.548051560058592,0.15061187744140625,0
824.803927898407,0.5381507751464844,0.08000000000004093,17.52030696166992,0.12009429931640625,0
824.8125810623169,0.7726478454589844,0.12000000000000455,17.29526744140625,0.12772369384765625,0
824.8179302215576,0.9840400573730468,0.10000000000002274,17.50181056274414,0.12009429931640625,0
824.8229560852051,0.7602332946777344,0.10000000000002274,17.563465225830075,0.12772369384765625,0
824.8280210494995,0.6743659851074219,0.15999999999996817,17.400080368652343,0.12772369384765625,0
824.8331229686737,0.7195411560058593,0.05999999999994543,18.57768443359375,0.13535308837890625,0
824.838235616684,0.6750556823730468,0.01999999999998181,17.634368088378903,0.12772369384765625,0
824.8422434329987,0.5143562194824218,-0.01999999999998181,17.45865229858398,0.13535308837890625,0
824.8470242023468,0.5519447204589844,0.10000000000002274,17.307598374023435,0.14298248291015625,0
824.8529109954834,0.7012641784667969,0.10000000000002274,17.529555161132812,0.13535308837890625,0
824.8582723140717,0.8864478942871094,0.15999999999996817,17.483314163818356,0.10483551025390625,0
824.863213300705,0.7716132995605468,0.10000000000002274,17.329177506103512,0.12772369384765625,0
824.8762164115906,0.6388465759277343,0.03999999999996362,17.46173503173828,0.10483551025390625,0
824.9062378406525,0.8147193786621093,0.0,17.622037155761717,0.10483551025390625,0
824.9232428073883,0.6312599060058594,0.03999999999996362,17.622037155761717,0.12772369384765625,0
824.9273040294647,0.5409095642089844,0.03999999999996362,17.483314163818356,0.09720611572265625,0
824.9320073127747,0.49607924194335934,0.05999999999994543,18.392720444335936,0.12009429931640625,0
824.9371922016144,0.5253913757324219,0.05999999999994543,17.56963069213867,0.12772369384765625,0
824.9422745704651,0.6436744567871093,0.03999999999996362,17.492562363281248,0.10483551025390625,0
824.9472637176514,0.8833442565917968,0.10000000000002274,17.347673905029296,0.12772369384765625,0
824.9522047042847,0.8619636413574219,0.03999999999996362,17.560382492675778,0.10483551025390625,0
824.9572079181671,0.7302314636230468,-0.01999999999998181,17.58812709106445,0.13535308837890625,0
824.9623055458069,0.6895393249511719,0.08000000000004093,17.46173503173828,0.10483551025390625,0
824.9670979976654,0.6905738708496093,0.03999999999996362,17.791587479248044,0.10483551025390625,0
824.9732043743134,0.5695320007324218,0.03999999999996362,17.62820262207031,0.12009429931640625,0
824.9771876335144,0.5584968444824219,0.12000000000000455,17.48023143066406,0.12009429931640625,0
824.9982237815857,0.7533363220214844,-0.08000000000004093,17.400080368652343,0.10483551025390625,0
825.0252454280853,0.5781532165527343,0.01999999999998181,17.50797602905273,0.09720611572265625,0
825.0382466316223,0.6950569030761719,0.12000000000000455,17.662112686767575,0.12009429931640625,0
825.0423035621643,0.7985114929199219,0.17999999999994998,17.492562363281248,0.10483551025390625,0
825.0472717285156,0.8257545349121094,0.22000000000002728,17.38158396972656,0.12009429931640625,0
825.0522804260254,0.7019538757324219,0.03999999999996362,17.58196162475586,0.13535308837890625,0
825.05726146698,0.6867805358886718,0.0,17.609706223144528,0.10483551025390625,0
825.0622777938843,0.6888496276855468,0.0,17.474065964355468,0.10483551025390625,0
825.0683038234711,0.6009132263183594,0.08000000000004093,17.594292557373045,0.09720611572265625,0
825.0723633766174,0.5312538024902344,0.03999999999996362,17.69910548461914,0.12009429931640625,0
825.0772747993469,0.5616004821777344,0.0,17.486396896972654,0.10483551025390625,0
825.0912520885468,0.7529914733886719,-0.03999999999996362,17.541886093749998,0.12009429931640625,0
825.1212704181671,0.48573378295898434,0.05999999999994543,17.625119888916014,0.12772369384765625,0
825.139208316803,0.7419563171386718,0.08000000000004093,17.665195419921872,0.12772369384765625,0
825.1422696113586,0.8326515075683594,0.15999999999996817,17.492562363281248,0.12009429931640625,0
825.147351026535,0.8557563659667968,0.13999999999998636,17.347673905029296,0.13535308837890625,0
825.151661157608,0.7505775329589843,0.13999999999998636,17.563465225830075,0.10483551025390625,0
825.1566641330719,0.7122993347167969,0.08000000000004093,17.58196162475586,0.12772369384765625,0
825.1622626781464,0.7233344909667968,0.03999999999996362,17.45865229858398,0.12009429931640625,0
825.1677067279816,0.6585029479980469,0.01999999999998181,17.56963069213867,0.12772369384765625,0
825.1717085838318,0.5843604919433594,-0.01999999999998181,17.68677455200195,0.14298248291015625,0
825.1767857074738,0.5778083679199219,-0.01999999999998181,17.486396896972654,0.12009429931640625,0
825.1828618049622,0.5881538269042969,-0.05999999999994543,18.038206131591796,0.10483551025390625,0
825.1882724761963,0.5726356384277344,0.03999999999996362,17.662112686767575,0.12009429931640625,0
825.2162721157074,0.6602271911621094,-0.01999999999998181,18.186177322998045,0.12009429931640625,0
825.2712717056274,0.9147254821777343,-0.05999999999994543,17.532637894287106,0.12772369384765625,0
825.2902615070343,1.0519752380371092,0.17999999999994998,17.541886093749998,0.12009429931640625,0
825.2932651042938,0.8712745544433593,0.10000000000002274,17.41241130126953,0.14298248291015625,0
825.2973501682281,0.8009254333496093,0.22000000000002728,17.261357376708983,0.14298248291015625,0
825.3016359806061,0.8164436218261718,0.22000000000002728,17.474065964355468,0.12009429931640625,0
825.3232765197754,0.8240302917480469,0.03999999999996362,17.554217026367187,0.12772369384765625,0
825.3542969226837,0.7122993347167969,0.10000000000002274,17.514141495361326,0.14298248291015625,0
825.3623023033142,0.7912696716308594,0.13999999999998636,17.400080368652343,0.10483551025390625,0
825.3672709465027,0.6167762634277344,0.17999999999994998,17.87482127441406,0.12772369384765625,0
825.372270822525,0.5495307800292969,0.08000000000004093,17.622037155761717,0.12772369384765625,0
825.377135515213,0.5809120056152344,0.01999999999998181,17.43090770019531,0.10483551025390625,0
825.3822746276855,0.5378059265136719,-0.03999999999996362,17.79467021240234,0.10483551025390625,0
825.3872752189636,0.5822914001464844,0.03999999999996362,17.514141495361326,0.12772369384765625,0
825.3922784328461,0.8157539245605469,0.03999999999996362,17.4432386328125,0.12772369384765625,0
825.3972818851471,0.7002296325683594,0.05999999999994543,17.304515640869138,0.10483551025390625,0
825.402242898941,0.5553932067871094,0.13999999999998636,17.523389694824218,0.12009429931640625,0
825.4072692394257,0.4791816589355468,0.08000000000004093,17.55113429321289,0.12772369384765625,0
825.4132766723633,0.5798774597167968,0.01999999999998181,17.356922104492185,0.12009429931640625,0
825.4362900257111,0.5091834899902343,0.10000000000002274,17.541886093749998,0.12009429931640625,0
825.4922740459442,0.6271217224121094,0.20000000000004547,17.486396896972654,0.12772369384765625,0
825.509202003479,0.6188453552246094,0.03999999999996362,17.48023143066406,0.10483551025390625,0
825.5122735500336,0.7667854187011719,0.15999999999996817,17.433990433349607,0.12772369384765625,0
825.517263174057,0.9161048767089843,0.15999999999996817,18.025875198974607,0.12772369384765625,0
825.5382730960846,0.7140235778808594,0.2599999999999909,17.6374508215332,0.09720611572265625,0
825.5703027248383,0.6681587097167968,0.01999999999998181,17.572713425292967,0.12009429931640625,0
825.5793075561523,0.49883803100585933,0.08000000000004093,17.446321365966796,0.10483551025390625,0
825.583354473114,0.5157356140136719,0.05999999999994543,18.01354426635742,0.12009429931640625,0
825.5873126983643,0.6288459655761719,0.12000000000000455,17.566547958984373,0.12009429931640625,0
825.5923311710358,0.8367896911621093,0.08000000000004093,17.486396896972654,0.10483551025390625,0
825.597246170044,0.7860969421386719,0.20000000000004547,17.356922104492185,0.10483551025390625,0
825.6022593975067,0.6816078063964843,0.20000000000004547,17.560382492675778,0.10483551025390625,0
825.6072597503662,0.6133277770996094,0.08000000000004093,17.58196162475586,0.08194732666015625,0
825.6122553348541,0.6164314147949218,0.17999999999994998,17.449404099121093,0.10483551025390625,0
825.6171736717224,0.4836646911621093,0.13999999999998636,17.773091080322263,0.12772369384765625,0
825.6223607063293,0.4646980163574218,0.08000000000004093,17.67752635253906,0.09720611572265625,0
825.627837896347,0.5102180358886719,0.03999999999996362,17.446321365966796,0.12772369384765625,0
825.6491928100586,0.5102180358886719,0.03999999999996362,17.880986740722655,0.12772369384765625,0
825.6751985549927,0.9064491149902343,0.22000000000002728,17.492562363281248,0.13535308837890625,0
825.6878566741943,0.6457435485839843,0.13999999999998636,17.563465225830075,0.14298248291015625,0
825.6926398277283,0.8033393737792969,0.12000000000000455,17.40932856811523,0.13535308837890625,0
825.6973016262054,0.8550666687011719,0.12000000000000455,17.279853775634763,0.14298248291015625,0
825.7022938728333,0.8233405944824218,0.08000000000004093,17.50181056274414,0.14298248291015625,0
825.7072288990021,0.7750617858886718,0.03999999999996362,17.523389694824218,0.13535308837890625,0
825.712260723114,0.7388526794433593,0.13999999999998636,17.39083216918945,0.15061187744140625,0
825.7172758579254,0.6871253845214843,0.08000000000004093,17.785422012939453,0.14298248291015625,0
825.7222867012024,0.5843604919433594,0.08000000000004093,17.603540756835937,0.12772369384765625,0
825.7272679805756,0.5219428894042969,-0.03999999999996362,17.403163101806637,0.12009429931640625,0
825.7322676181793,0.5164253112792968,0.05999999999994543,17.8378284765625,0.14298248291015625,0
825.73721575737,0.5550483581542969,0.15999999999996817,17.50181056274414,0.14298248291015625,0
825.7577066421509,0.6440193054199218,0.2599999999999909,17.492562363281248,0.12772369384765625,0
825.7900505065918,0.8036842224121094,0.03999999999996362,17.575796158447265,0.10483551025390625,0
825.7990539073944,0.6957466003417968,0.12000000000000455,18.01662699951172,0.12772369384765625,0
825.802743434906,0.7002296325683594,0.12000000000000455,17.52030696166992,0.12772369384765625,0
825.8080642223358,0.6098792907714844,0.20000000000004547,17.504893295898437,0.13535308837890625,0
825.8127484321594,0.5888435241699219,0.20000000000004547,17.33226023925781,0.14298248291015625,0
825.8180556297302,0.5726356384277344,0.01999999999998181,17.514141495361326,0.14298248291015625,0
825.8231892585754,0.6826423522949219,0.10000000000002274,17.591209824218748,0.14298248291015625,0
825.8281724452972,0.8629981872558593,0.20000000000004547,17.41241130126953,0.10483551025390625,0
825.8331806659698,0.7878211853027344,0.13999999999998636,18.025875198974607,0.12772369384765625,0
825.8372371196747,0.7047126647949219,0.10000000000002274,17.541886093749998,0.10483551025390625,0
825.8423011302948,0.6095344421386719,0.10000000000002274,17.48023143066406,0.12009429931640625,0
825.8481538295746,0.6250526306152343,0.03999999999996362,17.37233577026367,0.12772369384765625,0
825.8691804409027,0.6181556579589843,-0.03999999999996362,17.544968826904295,0.12772369384765625,0
825.8961906433105,0.38986586303710935,0.22000000000002728,17.4401558996582,0.13535308837890625,0
825.9091968536377,0.29227369995117186,0.0,17.492562363281248,0.12772369384765625,0
825.9132149219513,0.29917067260742186,0.05999999999994543,17.403163101806637,0.12772369384765625,0
825.9168145656586,0.5036659118652344,0.05999999999994543,17.89331767333984,0.13535308837890625,0
825.9232246875763,0.6678138610839843,0.01999999999998181,17.625119888916014,0.10483551025390625,0
825.9273505210876,0.4888374206542968,0.12000000000000455,17.48023143066406,0.12009429931640625,0
825.9332654476166,0.36779555053710933,0.12000000000000455,18.139936325683593,0.10483551025390625,0
825.9372174739838,0.4405586120605468,0.05999999999994543,17.575796158447265,0.10483551025390625,0
825.9422152042389,0.4343513366699218,0.10000000000002274,17.51105876220703,0.12009429931640625,0
825.9472088813782,0.3205512878417968,0.05999999999994543,17.344591171875,0.12772369384765625,0
825.9522361755371,0.4733192321777343,0.15999999999996817,17.544968826904295,0.12772369384765625,0
825.9662466049194,0.46849135131835934,0.10000000000002274,18.139936325683593,0.14298248291015625,0
825.9972960948944,0.7616126892089844,0.10000000000002274,17.360004837646482,0.12009429931640625,0
826.0152513980865,0.5840156433105469,0.05999999999994543,17.427824967041015,0.12009429931640625,0
826.019255399704,0.6319496032714843,0.15999999999996817,17.563465225830075,0.12772369384765625,0
826.0232648849487,0.7919593688964843,-0.03999999999996362,17.643616287841795,0.12772369384765625,0
826.0293102264404,0.8602393981933594,-0.03999999999996362,17.449404099121093,0.08957672119140625,0
826.0343670845032,0.6619514343261719,-0.03999999999996362,17.68677455200195,0.12009429931640625,0
826.038272857666,0.6522956726074218,0.08000000000004093,17.609706223144528,0.12009429931640625,0
826.0422594547272,0.6022926208496093,0.05999999999994543,17.51105876220703,0.14298248291015625,0
826.0472614765167,0.6202247497558594,0.17999999999994998,17.350756638183594,0.12772369384765625,0
826.0523591041565,0.5222877380371094,0.17999999999994998,17.554217026367187,0.09720611572265625,0
826.0572655200958,0.6402259704589843,0.08000000000004093,17.603540756835937,0.12009429931640625,0
826.062273979187,0.8898963806152344,0.03999999999996362,17.4432386328125,0.12009429931640625,0
826.0832855701447,0.6464332458496094,0.12000000000000455,18.303321182861325,0.10483551025390625,0
826.1103045940399,0.7598884460449219,0.05999999999994543,17.483314163818356,0.10483551025390625,0
826.1243140697479,0.6178108093261718,0.03999999999996362,17.58196162475586,0.09720611572265625,0
826.128315448761,0.5660835144042968,0.08000000000004093,17.474065964355468,0.12009429931640625,0
826.132319688797,0.47642286987304683,0.12000000000000455,17.6374508215332,0.12009429931640625,0
826.137321472168,0.4519386169433593,0.08000000000004093,17.58196162475586,0.08957672119140625,0
826.1423261165619,0.5526344177246094,0.08000000000004093,17.495645096435545,0.14298248291015625,0
826.147294998169,0.7633369323730469,0.13999999999998636,17.338425705566404,0.12772369384765625,0
826.1514387130737,0.8112708923339843,0.2400000000000091,17.548051560058592,0.12009429931640625,0
826.1564426422119,0.6567787048339844,0.03999999999996362,17.58812709106445,0.10483551025390625,0
826.162889957428,0.6160865661621093,-0.01999999999998181,17.39083216918945,0.12772369384765625,0
826.1682517528534,0.6002235290527344,0.08000000000004093,17.566547958984373,0.10483551025390625,0
826.1722512245178,0.5933265563964844,0.17999999999994998,17.634368088378903,0.12772369384765625,0
826.1782600879669,0.5929817077636719,0.17999999999994998,17.41241130126953,0.13535308837890625,0
826.1913049221039,0.8819648620605468,0.10000000000002274,17.50181056274414,0.13535308837890625,0
826.22230219841,0.4912513610839843,0.20000000000004547,17.603540756835937,0.13535308837890625,0
826.240392446518,0.6233283874511718,0.05999999999994543,17.55113429321289,0.12772369384765625,0
826.244330406189,0.7350593444824218,0.12000000000000455,17.400080368652343,0.09720611572265625,0
826.2474384307861,0.6985053894042969,0.10000000000002274,17.32301203979492,0.13535308837890625,0
826.2524552345276,0.6026374694824219,0.05999999999994543,17.504893295898437,0.12772369384765625,0
826.2564582824707,0.5450477478027344,0.03999999999996362,17.55113429321289,0.14298248291015625,0
826.2614665031433,0.5905677673339844,0.03999999999996362,17.396997635498046,0.12009429931640625,0
826.2672924995422,0.5226325866699219,0.10000000000002274,18.30023844970703,0.13535308837890625,0
826.272301197052,0.47642286987304683,0.05999999999994543,17.615871689453122,0.12772369384765625,0
826.2771661281586,0.5084937927246094,0.01999999999998181,17.424742233886718,0.12772369384765625,0
826.2829864025116,0.6653999206542969,-0.01999999999998181,18.37114131225586,0.15061187744140625,0
826.2882952690125,0.7729926940917968,0.10000000000002274,17.535720627441403,0.12009429931640625,0
826.3022422790527,0.6302253601074218,0.03999999999996362,17.514141495361326,0.12009429931640625,0
826.3333387374878,0.45642164916992184,0.03999999999996362,18.118357193603515,0.14298248291015625,0
826.3513507843018,0.7491981384277343,0.05999999999994543,17.63128535522461,0.12009429931640625,0
826.3552215099335,0.6516059753417969,0.13999999999998636,17.622037155761717,0.12772369384765625,0
826.3592913150787,0.7360938903808594,0.12000000000000455,17.464817764892576,0.12772369384765625,0
826.3639006614685,0.6550544616699219,0.08000000000004093,17.33226023925781,0.10483551025390625,0
826.367913722992,0.5660835144042968,0.08000000000004093,17.58196162475586,0.12772369384765625,0
826.373158454895,0.5184944030761719,0.01999999999998181,17.6374508215332,0.12772369384765625,0
826.3781807422638,0.5684974548339844,0.15999999999996817,17.46173503173828,0.12009429931640625,0
826.3821897506714,0.5847053405761719,0.15999999999996817,17.45865229858398,0.12009429931640625,0
826.3871910572052,0.6781593200683593,0.12000000000000455,17.560382492675778,0.12009429931640625,0
826.3918609619141,0.7978217956542969,0.03999999999996362,17.51105876220703,0.12772369384765625,0
826.4131271839142,0.5119422790527344,0.15999999999996817,17.4401558996582,0.12009429931640625,0
826.4447979927063,0.8002357360839844,0.10000000000002274,17.45865229858398,0.14298248291015625,0
826.4542112350464,0.5484962341308594,0.08000000000004093,17.58196162475586,0.10483551025390625,0
826.4572176933289,0.5553932067871094,0.08000000000004093,17.63128535522461,0.12009429931640625,0
826.4622323513031,0.5036659118652344,0.17999999999994998,17.464817764892576,0.09720611572265625,0
826.4673047065735,0.42710951538085934,0.0,18.167680924072265,0.12772369384765625,0
826.4722089767456,0.34882887573242183,0.0,17.689857285156247,0.09720611572265625,0
826.4771702289581,0.40124586791992184,0.08000000000004093,17.48947963012695,0.12009429931640625,0
826.483282327652,0.5215980407714844,0.03999999999996362,18.284824783935544,0.12772369384765625,0
826.4872786998749,0.8012702819824219,0.13999999999998636,17.560382492675778,0.10483551025390625,0
826.4918141365051,0.6840217468261719,0.05999999999994543,17.523389694824218,0.09720611572265625,0
826.4982607364655,0.5347022888183594,0.05999999999994543,17.387749436035154,0.12009429931640625,0
826.502851486206,0.4905616638183593,0.15999999999996817,17.560382492675778,0.12009429931640625,0
826.5163481235504,0.31434401245117183,0.22000000000002728,18.22317012084961,0.13535308837890625,0
826.5461702346802,0.4584907409667968,0.15999999999996817,17.48023143066406,0.10483551025390625,0
826.5641846656799,0.8164436218261718,0.20000000000004547,17.344591171875,0.10483551025390625,0
826.5681869983673,0.7998908874511719,0.17999999999994998,17.609706223144528,0.12772369384765625,0
826.5722479820251,0.5947059509277344,0.13999999999998636,17.662112686767575,0.12009429931640625,0
826.577231168747,0.5743598815917969,0.08000000000004093,17.48023143066406,0.12009429931640625,0
826.5822916030884,0.5140113708496094,0.05999999999994543,17.418576767578124,0.12009429931640625,0
826.5882542133331,0.4791816589355468,0.17999999999994998,17.585044357910153,0.10483551025390625,0
826.5922727584839,0.44538649291992183,0.05999999999994543,17.523389694824218,0.08194732666015625,0
826.5972862243652,0.5747047302246093,0.05999999999994543,17.36308757080078,0.12772369384765625,0
826.6022794246674,0.8147193786621093,0.01999999999998181,17.544968826904295,0.12009429931640625,0
826.6066830158234,0.7205757019042969,0.10000000000002274,17.622037155761717,0.09720611572265625,0
826.6131691932678,0.6084998962402344,0.20000000000004547,17.4432386328125,0.12772369384765625,0
826.6382071971893,0.49607924194335934,0.15999999999996817,17.572713425292967,0.10483551025390625,0
826.6951305866241,0.7702339050292969,0.10000000000002274,17.433990433349607,0.12772369384765625,0
826.7172276973724,0.8354102966308593,0.01999999999998181,18.096778061523434,0.13535308837890625,0
826.7205851078033,0.9292091247558594,0.10000000000002274,17.50181056274414,0.12009429931640625,0
826.7252109050751,0.8419624206542968,0.03999999999996362,17.486396896972654,0.15061187744140625,0
826.7412247657776,0.6816078063964843,0.03999999999996362,17.526472427978515,0.12772369384765625,0
826.7792510986328,0.6522956726074218,0.01999999999998181,17.384666702880857,0.10483551025390625,0
826.7962620258331,0.46607741088867183,0.12000000000000455,17.396997635498046,0.10483551025390625,0
826.7992432117462,0.47642286987304683,0.03999999999996362,17.50181056274414,0.12772369384765625,0
826.8022367954254,0.48331984252929683,0.15999999999996817,17.50797602905273,0.13535308837890625,0
826.8072402477264,0.5209083435058594,0.15999999999996817,17.58196162475586,0.12772369384765625,0
826.8122437000275,0.6978156921386719,0.12000000000000455,17.387749436035154,0.13535308837890625,0
826.816739320755,0.7474738952636718,0.12000000000000455,18.041288864746093,0.13535308837890625,0
826.8217453956604,0.5384956237792968,0.12000000000000455,17.58812709106445,0.14298248291015625,0
826.8267486095428,0.49883803100585933,0.12000000000000455,17.433990433349607,0.12772369384765625,0
826.8317520618439,0.44193800659179683,0.05999999999994543,17.347673905029296,0.12772369384765625,0
826.8527660369873,0.7933387634277344,0.10000000000002274,17.50797602905273,0.12772369384765625,0
826.8847873210907,0.6664344665527343,0.05999999999994543,17.575796158447265,0.10483551025390625,0
826.8937933444977,0.4319373962402343,0.2400000000000091,17.45865229858398,0.12772369384765625,0
826.8967952728271,0.3653816101074218,0.0,17.36308757080078,0.12772369384765625,0
826.9017987251282,0.29227369995117186,0.20000000000004547,17.554217026367187,0.12772369384765625,0
826.9068019390106,0.27365187377929684,0.15999999999996817,17.62820262207031,0.12009429931640625,0
826.9118053913116,0.28296278686523435,0.08000000000004093,17.45248683227539,0.12772369384765625,0
826.9178125858307,0.6095344421386719,0.08000000000004093,17.683691818847656,0.12009429931640625,0
826.9228162765503,0.9826606628417969,0.15999999999996817,17.646699020996092,0.12009429931640625,0
826.927817106247,0.6078101989746094,0.13999999999998636,17.45248683227539,0.09720611572265625,0
826.932822227478,0.43848952026367183,0.08000000000004093,18.14301905883789,0.10483551025390625,0
826.9368243217468,0.5240119812011719,0.17999999999994998,17.55113429321289,0.13535308837890625,0
826.9578375816345,0.6647102233886718,0.12000000000000455,17.56963069213867,0.10483551025390625,0
826.9898591041565,0.5605659362792969,0.08000000000004093,17.66827815307617,0.12772369384765625,0
826.9988648891449,0.5857398864746094,0.12000000000000455,17.46173503173828,0.12009429931640625,0
827.0028672218323,0.5881538269042969,0.17999999999994998,17.563465225830075,0.12009429931640625,0
827.0078704357147,0.5733253356933594,0.08000000000004093,17.572713425292967,0.12009429931640625,0
827.0128741264343,0.6857459899902344,0.08000000000004093,17.43090770019531,0.12772369384765625,0
827.0178782939911,0.8060981628417968,0.20000000000004547,17.655947220458984,0.10483551025390625,0
827.0228803157806,0.6440193054199218,0.05999999999994543,17.665195419921872,0.10483551025390625,0
827.0278837680817,0.5412544128417969,0.0,17.474065964355468,0.10483551025390625,0
827.0328872203827,0.5388404724121094,0.10000000000002274,17.88715220703125,0.12009429931640625,0
827.0378911495209,0.4878028747558593,0.20000000000004547,17.572713425292967,0.09720611572265625,0
827.0428946018219,0.42538527221679684,0.20000000000004547,17.48947963012695,0.13535308837890625,0
827.0478978157043,0.45814589233398434,0.13999999999998636,17.350756638183594,0.12009429931640625,0
827.0529012680054,0.6298805114746093,0.17999999999994998,17.55113429321289,0.12009429931640625,0
827.0739152431488,0.4653877136230468,0.10000000000002274,17.615871689453122,0.12772369384765625,0
827.1019337177277,0.5415992614746094,0.03999999999996362,17.563465225830075,0.12772369384765625,0
827.1160051822662,0.7112647888183593,0.08000000000004093,17.828580277099608,0.12772369384765625,0
827.1190071105957,0.7940284606933593,0.03999999999996362,17.532637894287106,0.15061187744140625,0
827.1220090389252,0.8919654724121093,0.17999999999994998,17.572713425292967,0.13535308837890625,0
827.1270124912262,0.8392036315917969,0.12000000000000455,17.427824967041015,0.12772369384765625,0
827.1320157051086,0.6040168640136718,0.12000000000000455,17.33226023925781,0.14298248291015625,0
827.1370191574097,0.6222938415527344,0.17999999999994998,17.486396896972654,0.13535308837890625,0
827.1420223712921,0.7271278259277344,0.12000000000000455,17.47098323120117,0.13535308837890625,0
827.1470258235931,0.8329963562011719,0.05999999999994543,17.316846573486327,0.12772369384765625,0
827.1520290374756,0.9519691345214844,0.13999999999998636,17.504893295898437,0.12772369384765625,0
827.1570324897766,0.8733436462402343,0.22000000000002728,17.566547958984373,0.12009429931640625,0
827.171041727066,0.7374732849121094,0.22000000000002728,17.50181056274414,0.14298248291015625,0
827.202062368393,0.7588539001464844,0.10000000000002274,17.50797602905273,0.14298248291015625,0
827.2200763225555,0.6519508239746094,0.10000000000002274,17.504893295898437,0.13535308837890625,0
827.2230775356293,0.6691932556152344,0.08000000000004093,17.622037155761717,0.12772369384765625,0
827.2270805835724,0.7533363220214844,0.08000000000004093,17.427824967041015,0.15061187744140625,0
827.2320835590363,0.9678321716308593,0.03999999999996362,17.32301203979492,0.12009429931640625,0
827.2370870113373,0.8412727233886719,0.12000000000000455,17.50797602905273,0.12772369384765625,0
827.2420902252197,0.6767799255371093,0.05999999999994543,17.504893295898437,0.12772369384765625,0
827.2470934391022,0.7316108581542968,0.0,17.347673905029296,0.12009429931640625,0
827.2520968914032,0.6222938415527344,0.0,17.532637894287106,0.12772369384765625,0
827.2571001052856,0.5164253112792968,0.05999999999994543,17.594292557373045,0.12772369384765625,0
827.2621035575867,0.5512550231933594,0.0,17.42165950073242,0.12772369384765625,0
827.267107963562,0.6564338562011719,0.10000000000002274,18.442044174804685,0.12772369384765625,0
827.2881219387054,0.6698829528808593,0.03999999999996362,17.560382492675778,0.12772369384765625,0
827.3201429843903,0.6540199157714843,0.13999999999998636,17.535720627441403,0.09720611572265625,0
827.3291490077972,0.43573073120117184,0.08000000000004093,17.446321365966796,0.12772369384765625,0
827.3321514129639,0.43124769897460935,0.17999999999994998,17.37233577026367,0.09720611572265625,0
827.3371543884277,0.3671058532714843,0.22000000000002728,17.560382492675778,0.10483551025390625,0
827.3421580791473,0.4102119323730468,0.22000000000002728,17.535720627441403,0.09720611572265625,0
827.3471608161926,0.5705665466308594,0.12000000000000455,17.400080368652343,0.13535308837890625,0
827.3521883487701,0.8043739196777343,0.05999999999994543,17.56963069213867,0.13535308837890625,0
827.3572595119476,0.7636817810058594,0.15999999999996817,17.62820262207031,0.12009429931640625,0
827.3617966175079,0.5298744079589843,0.08000000000004093,17.46173503173828,0.12772369384765625,0
827.3676748275757,0.5515998718261719,0.08000000000004093,17.79467021240234,0.13535308837890625,0
827.3723304271698,0.5667732116699219,0.03999999999996362,17.609706223144528,0.13535308837890625,0
827.3772528171539,0.5909126159667969,0.22000000000002728,17.474065964355468,0.14298248291015625,0
827.402731180191,0.5253913757324219,0.17999999999994998,17.55113429321289,0.10483551025390625,0
827.4547760486603,0.7788551208496094,0.10000000000002274,17.566547958984373,0.10483551025390625,0
827.4772446155548,0.6678138610839843,0.10000000000002274,17.483314163818356,0.14298248291015625,0
827.4808795452118,0.7295417663574219,0.08000000000004093,17.3415084387207,0.10483551025390625,0
827.4851584434509,0.8350654479980468,0.08000000000004093,17.609706223144528,0.12009429931640625,0
827.4882516860962,0.9609351989746093,0.17999999999994998,17.560382492675778,0.10483551025390625,0
827.5051951408386,0.7526466247558593,0.10000000000002274,17.575796158447265,0.09720611572265625,0
827.5442328453064,0.7691993591308594,0.10000000000002274,17.47098323120117,0.12772369384765625,0
827.5656352043152,0.6312599060058594,0.08000000000004093,17.625119888916014,0.12772369384765625,0
827.5686373710632,0.6074653503417968,0.01999999999998181,17.563465225830075,0.13535308837890625,0
827.5726406574249,0.6367774841308593,0.13999999999998636,17.646699020996092,0.15061187744140625,0
827.5766413211823,0.8433418151855469,0.12000000000000455,17.427824967041015,0.15061187744140625,0
827.582240819931,1.1088752624511717,0.12000000000000455,17.307598374023435,0.12772369384765625,0
827.587244272232,0.8433418151855469,0.08000000000004093,17.492562363281248,0.13535308837890625,0
827.5921878814697,0.8067878601074219,0.13999999999998636,17.50181056274414,0.10483551025390625,0
827.6192054748535,0.8112708923339843,0.10000000000002274,17.504893295898437,0.15061187744140625,0
827.6722357273102,0.6664344665527343,0.05999999999994543,17.563465225830075,0.13535308837890625,0
827.6922354698181,1.1078407165527344,0.08000000000004093,17.48947963012695,0.12009429931640625,0
827.6962370872498,0.9885230895996093,0.08000000000004093,17.396997635498046,0.12772369384765625,0
827.7001531124115,0.7760963317871094,0.12000000000000455,17.89331767333984,0.13535308837890625,0
827.7032346725464,0.7485084411621094,0.08000000000004093,17.52030696166992,0.13535308837890625,0
827.7080993652344,0.7185066101074219,0.03999999999996362,17.535720627441403,0.12009429931640625,0
827.7282168865204,0.8412727233886719,0.03999999999996362,17.4432386328125,0.12009429931640625,0
827.7742207050323,0.6243629333496094,0.2400000000000091,17.62820262207031,0.12009429931640625,0
827.7922341823578,0.8805854675292968,0.13999999999998636,17.523389694824218,0.09720611572265625,0
827.7945604324341,0.9130012390136718,0.20000000000004547,17.4432386328125,0.12009429931640625,0
827.7992131710052,0.7181617614746093,0.10000000000002274,17.378501236572262,0.12772369384765625,0
827.8032245635986,0.6243629333496094,0.10000000000002274,17.544968826904295,0.10483551025390625,0
827.8072636127472,0.5795326110839844,0.08000000000004093,17.64978175415039,0.13535308837890625,0
827.8122341632843,0.5019416687011719,-0.01999999999998181,17.46173503173828,0.09720611572265625,0
827.8172407150269,0.5847053405761719,0.08000000000004093,18.167680924072265,0.14298248291015625,0
827.8522529602051,0.47021559448242184,0.08000000000004093,17.58812709106445,0.12772369384765625,0
827.9072890281677,0.6957466003417968,0.10000000000002274,17.655947220458984,0.12772369384765625,0
827.9272723197937,0.6471229431152343,0.12000000000000455,17.47098323120117,0.12772369384765625,0
827.9462842941284,0.8050636169433594,0.13999999999998636,17.464817764892576,0.12009429931640625,0
828.0043256282806,0.8443763610839844,-0.03999999999996362,17.548051560058592,0.10483551025390625,0
828.0312469005585,1.1478431579589843,0.08000000000004093,17.28293650878906,0.14298248291015625,0
828.050238609314,1.0019721862792967,0.10000000000002274,18.04437159790039,0.13535308837890625,0
828.097238779068,0.7298866149902343,0.03999999999996362,17.387749436035154,0.14298248291015625,0
828.1145670413971,0.9436927673339843,-0.01999999999998181,17.276771042480465,0.12772369384765625,0
828.1185803413391,0.9130012390136718,0.0,17.504893295898437,0.10483551025390625,0
828.1222312450409,0.8936897155761718,0.01999999999998181,17.514141495361326,0.12009429931640625,0
828.1272304058075,0.8419624206542968,0.01999999999998181,17.4432386328125,0.12009429931640625,0
828.1332311630249,0.7809242126464844,0.15999999999996817,17.736098282470703,0.12772369384765625,0
828.1372480392456,0.8509284851074218,0.10000000000002274,17.51105876220703,0.10483551025390625,0
828.1415634155273,0.7571296569824219,0.05999999999994543,17.50797602905273,0.10483551025390625,0
828.1625618934631,0.7819587585449218,0.03999999999996362,17.39083216918945,0.14298248291015625,0
828.1903240680695,0.7695442077636718,0.03999999999996362,17.622037155761717,0.10483551025390625,0
828.2025952339172,0.6409156677246094,0.12000000000000455,17.51105876220703,0.13535308837890625,0
828.2065968513489,0.6805732604980469,0.05999999999994543,17.612788956298825,0.12772369384765625,0
828.2123169898987,0.8092018005371093,0.05999999999994543,17.41241130126953,0.12772369384765625,0
828.2165806293488,0.9530036804199218,0.12000000000000455,18.250914719238278,0.12772369384765625,0
828.2215723991394,0.9657630798339844,0.17999999999994998,17.55113429321289,0.10483551025390625,0
828.2273046970367,0.8057533142089843,0.12000000000000455,17.446321365966796,0.13535308837890625,0
828.2316415309906,0.7674751159667969,0.08000000000004093,17.338425705566404,0.13535308837890625,0
828.2376103401184,0.7885108825683593,0.03999999999996362,17.55113429321289,0.09720611572265625,0
828.2416043281555,0.6750556823730468,0.08000000000004093,17.544968826904295,0.10483551025390625,0
828.2482762336731,0.6347083923339844,0.08000000000004093,17.326094772949215,0.13535308837890625,0
828.2522449493408,0.7140235778808594,0.05999999999994543,17.594292557373045,0.12772369384765625,0
828.2726724147797,0.7460945007324219,0.15999999999996817,17.646699020996092,0.12009429931640625,0
828.3051393032074,1.0968055603027342,0.10000000000002274,17.535720627441403,0.12772369384765625,0
828.3142735958099,0.7326454040527344,0.03999999999996362,17.396997635498046,0.10483551025390625,0
828.3183102607727,0.8054084655761719,0.15999999999996817,17.840911209716793,0.12009429931640625,0
828.3223123550415,0.7923042175292968,0.20000000000004547,17.566547958984373,0.10483551025390625,0
828.3276901245117,0.7240241882324219,0.15999999999996817,17.464817764892576,0.12772369384765625,0
828.3327145576477,0.8826545593261719,0.03999999999996362,17.899483139648435,0.15061187744140625,0
828.3382666110992,1.1671546813964844,0.03999999999996362,17.529555161132812,0.12009429931640625,0
828.3422656059265,0.9836952087402343,-0.01999999999998181,17.541886093749998,0.14298248291015625,0
828.3466808795929,0.8147193786621093,0.08000000000004093,17.427824967041015,0.12009429931640625,0
828.3527054786682,0.8709297058105469,0.03999999999996362,17.55113429321289,0.10483551025390625,0
828.3582806587219,0.7002296325683594,0.0,17.58196162475586,0.10483551025390625,0
828.363293170929,0.6447090026855469,0.10000000000002274,17.4432386328125,0.12009429931640625,0
828.3773021697998,0.9599006530761718,0.10000000000002274,17.483314163818356,0.09720611572265625,0
828.4091923236847,0.6657447692871094,0.13999999999998636,17.560382492675778,0.10483551025390625,0
828.4271996021271,0.7329902526855469,0.13999999999998636,17.483314163818356,0.12009429931640625,0
828.4323482513428,0.7360938903808594,0.08000000000004093,17.356922104492185,0.12009429931640625,0
828.4363527297974,0.6816078063964843,0.05999999999994543,17.55113429321289,0.10483551025390625,0
828.4422430992126,0.6091895935058593,0.15999999999996817,17.566547958984373,0.10483551025390625,0
828.4472444057465,0.6233283874511718,0.12000000000000455,17.4432386328125,0.12772369384765625,0
828.4523224830627,0.7498878356933594,0.01999999999998181,17.646699020996092,0.12772369384765625,0
828.4573345184326,0.9488654968261718,0.01999999999998181,17.643616287841795,0.10483551025390625,0
828.4613907337189,0.9216224548339843,0.10000000000002274,17.46173503173828,0.12009429931640625,0
828.4663977622986,0.7554054138183594,0.05999999999994543,18.30023844970703,0.12772369384765625,0
828.4884135723114,0.5822914001464844,0.17999999999994998,17.625119888916014,0.10483551025390625,0
828.5162374973297,0.8329963562011719,0.12000000000000455,17.403163101806637,0.13535308837890625,0
828.5304341316223,0.7695442077636718,0.05999999999994543,17.464817764892576,0.09720611572265625,0
828.5342183113098,0.7067817565917969,-0.01999999999998181,18.411216843261716,0.09720611572265625,0
828.538277387619,0.6509162780761718,0.03999999999996362,17.575796158447265,0.12009429931640625,0
828.5423321723938,0.6578132507324218,0.01999999999998181,17.58196162475586,0.09720611572265625,0
828.5482749938965,0.7736823913574219,0.01999999999998181,17.356922104492185,0.09720611572265625,0
828.5522129535675,0.8398933288574219,0.10000000000002274,17.64978175415039,0.10483551025390625,0
828.5572032928467,0.9405891296386718,0.05999999999994543,17.662112686767575,0.12772369384765625,0
828.5622382164001,1.0271461364746093,0.03999999999996362,17.45865229858398,0.12772369384765625,0
828.5672399997711,1.0078346130371092,0.01999999999998181,18.32181758178711,0.13535308837890625,0
828.5722432136536,1.0023170349121093,0.0,17.563465225830075,0.12009429931640625,0
828.577240228653,1.0112830993652342,0.0,17.47098323120117,0.10483551025390625,0
828.582115650177,1.0109382507324218,-0.01999999999998181,17.360004837646482,0.10483551025390625,0
828.5952079296112,0.9967994567871094,-0.01999999999998181,17.47098323120117,0.12772369384765625,0
828.6252384185791,1.0074897644042968,-0.01999999999998181,17.572713425292967,0.10483551025390625,0
828.6432297229767,1.0178352233886718,-0.01999999999998181,17.50181056274414,0.12772369384765625,0
828.6472375392914,1.0243873474121092,-0.01999999999998181,17.449404099121093,0.13535308837890625,0
828.6522314548492,1.0426643249511718,-0.01999999999998181,17.625119888916014,0.10483551025390625,0
828.6572411060333,1.0195594665527343,-0.01999999999998181,17.662112686767575,0.12009429931640625,0
828.6623442173004,1.023352801513672,-0.01999999999998181,17.464817764892576,0.12009429931640625,0
828.6682250499725,1.0188697692871094,-0.01999999999998181,18.059785263671873,0.10483551025390625,0
828.6722438335419,0.9881782409667969,-0.01999999999998181,17.572713425292967,0.12009429931640625,0
828.6769843101501,0.9595558044433593,-0.01999999999998181,17.486396896972654,0.12772369384765625,0
828.6832401752472,0.9398994323730469,-0.03999999999996362,17.46173503173828,0.12772369384765625,0
828.6872515678406,0.9412788269042969,-0.03999999999996362,17.55113429321289,0.13535308837890625,0
828.6923377513885,0.9354164001464843,-0.03999999999996362,17.560382492675778,0.12772369384765625,0
828.7333390712738,1.0112830993652342,0.08000000000004093,17.45865229858398,0.12009429931640625,0
828.7832412719727,0.9654182312011719,0.03999999999996362,17.446321365966796,0.13535308837890625,0
828.813232421875,0.9171394226074219,0.03999999999996362,17.387749436035154,0.12772369384765625,0
828.8442409038544,0.9198982116699218,-0.01999999999998181,17.43090770019531,0.14298248291015625,0
828.902658700943,0.9674873229980469,-0.05999999999994543,17.50797602905273,0.13535308837890625,0
828.9296767711639,1.133704364013672,-0.05999999999994543,17.39083216918945,0.13535308837890625,0
828.9572367668152,1.0909431335449218,-0.13999999999998636,17.606623489990234,0.09720611572265625,0
829.0063190460205,1.0940467712402344,0.10000000000002274,17.58196162475586,0.10483551025390625,0
829.0237481594086,0.7909248229980469,-0.01999999999998181,17.615871689453122,0.14298248291015625,0
829.0373160839081,0.8709297058105469,0.05999999999994543,17.50181056274414,0.14298248291015625,0
829.0672221183777,0.6167762634277344,0.03999999999996362,18.32181758178711,0.12009429931640625,0
829.084192276001,0.9336921569824218,0.05999999999994543,18.38963771118164,0.09720611572265625,0
829.0872020721436,0.7385078308105468,0.17999999999994998,17.523389694824218,0.12009429931640625,0
829.09215092659,0.6860908386230469,0.10000000000002274,17.541886093749998,0.12009429931640625,0
829.0982220172882,0.6957466003417968,0.22000000000002728,17.347673905029296,0.10483551025390625,0
829.1022260189056,0.4881477233886718,0.01999999999998181,17.788504746093746,0.12772369384765625,0
829.1071648597717,0.48745802612304684,0.08000000000004093,17.662112686767575,0.13535308837890625,0
829.1122214794159,0.7795448181152344,0.08000000000004093,17.449404099121093,0.14298248291015625,0
829.1166350841522,1.0643897888183593,0.12000000000000455,18.247831986083984,0.10483551025390625,0
829.1223220825195,0.7250587341308593,0.03999999999996362,17.55113429321289,0.12009429931640625,0
829.1278517246246,0.6647102233886718,0.12000000000000455,17.45865229858398,0.12772369384765625,0
829.1488645076752,0.8567909118652344,0.05999999999994543,17.356922104492185,0.12772369384765625,0
829.2002358436584,0.8495490905761718,0.12000000000000455,17.77617381347656,0.12009429931640625,0
829.220235824585,0.7916145202636719,0.15999999999996817,17.597375290527342,0.10483551025390625,0
829.2241492271423,0.7960975524902344,0.01999999999998181,17.689857285156247,0.12772369384765625,0
829.2282280921936,0.7871314880371093,-0.03999999999996362,17.51105876220703,0.10483551025390625,0
829.2331745624542,0.7871314880371093,-0.03999999999996362,17.4401558996582,0.12009429931640625,0
829.2381780147552,0.7850623962402343,-0.03999999999996362,17.606623489990234,0.10483551025390625,0
829.2581915855408,0.7450599548339844,-0.05999999999994543,17.655947220458984,0.12009429931640625,0
829.3041923046112,0.9005866882324218,0.08000000000004093,17.566547958984373,0.12772369384765625,0
829.3216240406036,0.9278297302246094,-0.10000000000002274,17.58196162475586,0.12772369384765625,0
829.3251526355743,0.9064491149902343,-0.12000000000000455,17.63128535522461,0.10483551025390625,0
829.3281629085541,0.9130012390136718,0.12000000000000455,17.486396896972654,0.10483551025390625,0
829.3332195281982,0.8978278991699218,0.12000000000000455,17.406245834960934,0.09720611572265625,0
829.3371496200562,0.8419624206542968,0.10000000000002274,17.563465225830075,0.09720611572265625,0
829.343163728714,0.7964424011230469,0.05999999999994543,17.554217026367187,0.12009429931640625,0
829.3481755256653,0.7547157165527344,0.01999999999998181,17.384666702880857,0.12009429931640625,0
829.3611841201782,0.7957527038574218,0.13999999999998636,17.483314163818356,0.10483551025390625,0
829.394905090332,0.6495368835449219,0.13999999999998636,17.47098323120117,0.13535308837890625,0
829.434939622879,0.7019538757324219,0.12000000000000455,17.840911209716793,0.12009429931640625,0
829.4389431476593,0.6257423278808594,0.08000000000004093,17.56963069213867,0.12772369384765625,0
829.4432213306427,0.6319496032714843,0.13999999999998636,17.523389694824218,0.10483551025390625,0
829.4476716518402,0.7181617614746093,0.13999999999998636,17.350756638183594,0.12009429931640625,0
829.4527013301849,0.8647224304199218,0.10000000000002274,17.526472427978515,0.13535308837890625,0
829.4576916694641,1.0737007019042968,0.15999999999996817,17.563465225830075,0.12009429931640625,0
829.4882342815399,0.7116096374511719,0.10000000000002274,17.48947963012695,0.12772369384765625,0
829.5432357788086,0.9716255065917968,0.22000000000002728,17.464817764892576,0.13535308837890625,0
829.5612478256226,0.8054084655761719,0.08000000000004093,17.427824967041015,0.14298248291015625,0
829.5632491111755,0.7309211608886719,0.0,17.387749436035154,0.13535308837890625,0
829.5782325267792,0.7978217956542969,0.12000000000000455,17.41241130126953,0.14298248291015625,0
829.6102049350739,0.8309272644042969,0.12000000000000455,17.467900498046873,0.14298248291015625,0
829.627206325531,0.9247260925292968,0.10000000000002274,17.46173503173828,0.12772369384765625,0
829.6322326660156,0.9640388366699219,0.20000000000004547,17.316846573486327,0.12772369384765625,0
829.6382322311401,0.8650672790527343,0.17999999999994998,17.535720627441403,0.12772369384765625,0
829.6422200202942,0.7757514831542969,0.13999999999998636,17.560382492675778,0.13535308837890625,0
829.6472320556641,0.7964424011230469,0.08000000000004093,17.427824967041015,0.12772369384765625,0
829.6522343158722,0.8398933288574219,0.13999999999998636,17.770008347167966,0.12009429931640625,0
829.6567192077637,0.8578254577636718,0.13999999999998636,17.64978175415039,0.13535308837890625,0
829.6622395515442,0.9743842956542969,0.08000000000004093,17.4432386328125,0.13535308837890625,0
829.6672327518463,1.0192146179199217,0.03999999999996362,17.921062271728513,0.12009429931640625,0
829.6722321510315,0.8823097106933593,0.0,17.554217026367187,0.12772369384765625,0
829.6778602600098,0.8481696960449219,0.10000000000002274,17.45248683227539,0.12009429931640625,0
829.7076828479767,0.8971382019042968,0.17999999999994998,17.622037155761717,0.12772369384765625,0
829.7697284221649,0.7498878356933594,0.03999999999996362,17.560382492675778,0.10483551025390625,0
829.7903182506561,0.5740150329589844,0.03999999999996362,17.67752635253906,0.12009429931640625,0
829.8028388023376,0.8095466491699218,0.10000000000002274,17.58812709106445,0.14298248291015625,0
829.8378500938416,0.8898963806152344,0.05999999999994543,17.544968826904295,0.12009429931640625,0
829.8512146472931,0.6636756774902344,0.22000000000002728,18.297155716552734,0.12772369384765625,0
829.8551964759827,0.6978156921386719,0.10000000000002274,17.55113429321289,0.12772369384765625,0
829.8582150936127,0.7026435729980468,0.10000000000002274,17.625119888916014,0.12772369384765625,0
829.8620870113373,0.7022987243652343,0.05999999999994543,17.464817764892576,0.13535308837890625,0
829.8678703308105,0.9526588317871093,0.05999999999994543,18.24166651977539,0.12772369384765625,0
829.8732151985168,1.1409461853027343,0.12000000000000455,17.609706223144528,0.12009429931640625,0
829.8777174949646,0.8229957458496093,0.03999999999996362,17.47098323120117,0.08957672119140625,0
829.8831586837769,0.8009254333496093,0.12000000000000455,17.369253037109374,0.12772369384765625,0
829.8878788948059,0.8209266540527344,0.08000000000004093,17.55113429321289,0.12772369384765625,0
829.8929145336151,0.7491981384277343,0.08000000000004093,17.532637894287106,0.12009429931640625,0
829.9141342639923,0.8636878845214844,0.17999999999994998,17.433990433349607,0.10483551025390625,0
829.9411549568176,1.1150825378417968,0.05999999999994543,17.603540756835937,0.13535308837890625,0
829.9533843994141,0.8698951599121093,0.10000000000002274,17.486396896972654,0.13535308837890625,0
829.9573907852173,0.8402381774902343,0.12000000000000455,17.566547958984373,0.15061187744140625,0
829.9614794254303,0.8464454528808594,0.15999999999996817,17.400080368652343,0.12009429931640625,0
829.9664885997772,0.8295478698730469,0.12000000000000455,17.514141495361326,0.12009429931640625,0
829.97141456604,0.8698951599121093,0.08000000000004093,17.486396896972654,0.14298248291015625,0
829.9772961139679,1.0130073425292967,0.01999999999998181,17.43090770019531,0.12772369384765625,0
829.9823200702667,0.9740394470214844,0.01999999999998181,17.276771042480465,0.13535308837890625,0
829.9872286319733,0.9147254821777343,0.05999999999994543,17.483314163818356,0.12772369384765625,0
829.992235660553,0.8143745300292968,0.01999999999998181,17.52030696166992,0.13535308837890625,0
829.9972388744354,0.8029945251464844,0.10000000000002274,17.387749436035154,0.12772369384765625,0
830.0022575855255,0.7674751159667969,0.05999999999994543,17.689857285156247,0.14298248291015625,0
830.0063581466675,0.7523017761230468,0.15999999999996817,17.594292557373045,0.13535308837890625,0
830.0303764343262,0.7112647888183593,0.15999999999996817,17.369253037109374,0.14298248291015625,0
830.0834083557129,0.9861091491699219,0.17999999999994998,17.77617381347656,0.12009429931640625,0
830.1014261245728,0.7022987243652343,0.20000000000004547,17.711436417236325,0.10483551025390625,0
830.106235742569,0.6664344665527343,0.15999999999996817,17.554217026367187,0.12772369384765625,0
830.1102221012115,0.7167823669433594,0.10000000000002274,17.492562363281248,0.13535308837890625,0
830.1233298778534,0.8257545349121094,0.05999999999994543,17.609706223144528,0.12772369384765625,0
830.1543521881104,1.0671485778808594,0.05999999999994543,17.55113429321289,0.13535308837890625,0
830.1723170280457,0.9716255065917968,0.17999999999994998,17.572713425292967,0.10483551025390625,0
830.1763324737549,0.9281745788574218,0.05999999999994543,17.572713425292967,0.12009429931640625,0
830.1798412799835,0.8902412292480468,0.10000000000002274,17.474065964355468,0.10483551025390625,0
830.1834993362427,0.8516181823730469,0.10000000000002274,17.91489680541992,0.12772369384765625,0
830.188227891922,0.8205818054199219,0.03999999999996362,17.58196162475586,0.12009429931640625,0
830.1922483444214,0.8143745300292968,0.17999999999994998,17.606623489990234,0.12009429931640625,0
830.1972551345825,0.8260993835449219,0.17999999999994998,17.45248683227539,0.12009429931640625,0
830.2022321224213,0.7712684509277343,-0.01999999999998181,17.831663010253905,0.10483551025390625,0
830.2072470188141,0.7350593444824218,0.10000000000002274,17.67752635253906,0.12772369384765625,0
830.212233543396,0.7805793640136719,0.05999999999994543,17.47098323120117,0.14298248291015625,0
830.2172424793243,0.9878333923339844,0.01999999999998181,17.665195419921872,0.12772369384765625,0
830.2391927242279,0.8067878601074219,0.01999999999998181,17.58196162475586,0.10483551025390625,0
830.2663054466248,0.7395423767089844,0.2400000000000091,17.38158396972656,0.12772369384765625,0
830.2802221775055,0.7502326843261719,0.05999999999994543,17.48023143066406,0.12009429931640625,0
830.2841532230377,0.7360938903808594,0.0,18.025875198974607,0.10483551025390625,0
830.2882266044617,0.7474738952636718,0.03999999999996362,17.58812709106445,0.12772369384765625,0
830.2926516532898,0.6564338562011719,0.03999999999996362,17.56963069213867,0.10483551025390625,0
830.2976605892181,0.6064308044433594,-0.03999999999996362,17.424742233886718,0.12009429931640625,0
830.3031718730927,0.5984992858886719,0.08000000000004093,17.575796158447265,0.12772369384765625,0
830.306667804718,0.6157417175292969,0.03999999999996362,17.683691818847656,0.10483551025390625,0
830.3126800060272,0.6754005310058594,0.03999999999996362,17.47098323120117,0.12772369384765625,0
830.3182189464569,0.8067878601074219,0.0,18.01354426635742,0.12772369384765625,0
830.3222374916077,0.8833442565917968,0.03999999999996362,17.563465225830075,0.10483551025390625,0
830.3272316455841,0.7729926940917968,0.03999999999996362,17.514141495361326,0.10483551025390625,0
830.3322665691376,0.6929878112792969,0.0,17.350756638183594,0.12009429931640625,0
830.3463184833527,0.6036720153808594,0.05999999999994543,17.47098323120117,0.12772369384765625,0
830.3783075809479,0.7933387634277344,0.05999999999994543,17.483314163818356,0.12009429931640625,0
830.3973100185394,0.6698829528808593,0.05999999999994543,17.45248683227539,0.12009429931640625,0
830.4003155231476,0.7178169128417968,0.08000000000004093,17.890234940185547,0.10483551025390625,0
830.4033048152924,0.7978217956542969,0.08000000000004093,17.554217026367187,0.12009429931640625,0
830.4082174301147,0.8916206237792969,0.20000000000004547,17.64978175415039,0.10483551025390625,0
830.4129984378815,0.9595558044433593,0.20000000000004547,17.46173503173828,0.12009429931640625,0
830.4180009365082,0.8505836364746093,-0.01999999999998181,17.92414500488281,0.13535308837890625,0
830.4230101108551,0.8078224060058593,0.08000000000004093,17.609706223144528,0.12772369384765625,0
830.4282248020172,0.7929939147949219,0.03999999999996362,17.48023143066406,0.10483551025390625,0
830.4322412014008,0.7074714538574218,0.0,17.347673905029296,0.12009429931640625,0
830.4372413158417,0.6671241638183594,0.0,17.560382492675778,0.13535308837890625,0
830.451254606247,0.8919654724121093,0.08000000000004093,17.908731339111327,0.14298248291015625,0
830.4822571277618,0.8319618103027343,0.03999999999996362,17.270605576171874,0.14298248291015625,0
830.4997923374176,1.0292152282714844,0.03999999999996362,17.329177506103512,0.12009429931640625,0
830.5041947364807,1.0340431091308593,0.22000000000002728,17.486396896972654,0.14298248291015625,0
830.507807970047,0.9667976257324218,0.17999999999994998,17.58812709106445,0.14298248291015625,0
830.5129778385162,0.9081733581542968,-0.01999999999998181,17.387749436035154,0.12772369384765625,0
830.5179843902588,0.9285194274902343,0.08000000000004093,18.15226725830078,0.13535308837890625,0
830.5223543643951,0.8888618347167968,0.17999999999994998,17.523389694824218,0.14298248291015625,0
830.5266425609589,1.057837664794922,0.17999999999994998,17.40932856811523,0.14298248291015625,0
830.5322360992432,1.2581947204589843,0.08000000000004093,17.2459437109375,0.12009429931640625,0
830.5369863510132,0.9292091247558594,0.03999999999996362,17.48023143066406,0.12772369384765625,0
830.5423140525818,0.9267951843261718,0.12000000000000455,17.47098323120117,0.13535308837890625,0
830.5472242832184,0.9674873229980469,0.05999999999994543,17.38158396972656,0.12009429931640625,0
830.5532238483429,0.7798896667480468,0.05999999999994543,17.523389694824218,0.13535308837890625,0
830.5662035942078,0.8388587829589843,0.15999999999996817,17.298350174560547,0.14298248291015625,0
830.5972239971161,0.6847114440917969,0.20000000000004547,17.406245834960934,0.12009429931640625,0
830.6141922473907,0.8898963806152344,0.03999999999996362,17.41241130126953,0.10483551025390625,0
830.6181848049164,0.9061042663574218,0.15999999999996817,17.95497233642578,0.10483551025390625,0
830.6231837272644,0.8764472839355468,-0.01999999999998181,17.566547958984373,0.12772369384765625,0
830.6271800994873,0.8461006042480468,0.10000000000002274,17.486396896972654,0.12772369384765625,0
830.6322283744812,0.7960975524902344,0.05999999999994543,17.329177506103512,0.12009429931640625,0
830.6380143165588,0.7329902526855469,0.03999999999996362,17.544968826904295,0.12772369384765625,0
830.6432375907898,0.6816078063964843,0.03999999999996362,17.541886093749998,0.13535308837890625,0
830.6472458839417,0.6540199157714843,0.10000000000002274,17.433990433349607,0.12009429931640625,0
830.6522495746613,0.6436744567871093,0.05999999999994543,18.01662699951172,0.15061187744140625,0
830.657252073288,0.6867805358886718,0.17999999999994998,17.64978175415039,0.12009429931640625,0
830.6782670021057,0.7978217956542969,0.0,17.47098323120117,0.12772369384765625,0
830.7053442001343,0.6860908386230469,0.10000000000002274,17.566547958984373,0.12772369384765625,0
830.7187576293945,0.8440315124511718,0.03999999999996362,17.810083878173828,0.12772369384765625,0
830.7231698036194,0.8129951354980468,0.08000000000004093,17.591209824218748,0.10483551025390625,0
830.7281849384308,0.8271339294433594,0.10000000000002274,17.47098323120117,0.10483551025390625,0
830.7331881523132,0.7302314636230468,0.08000000000004093,17.38158396972656,0.12009429931640625,0
830.7365810871124,0.6791938659667969,0.08000000000004093,17.560382492675778,0.14298248291015625,0
830.7432382106781,0.7440254089355468,0.0,17.544968826904295,0.12772369384765625,0
830.747243642807,0.6850562927246093,0.12000000000000455,17.449404099121093,0.13535308837890625,0
830.752236366272,0.7167823669433594,0.22000000000002728,18.127605393066403,0.13535308837890625,0
830.7572374343872,0.9609351989746093,0.17999999999994998,17.646699020996092,0.12772369384765625,0
830.7622411251068,1.1512916442871093,0.17999999999994998,17.45865229858398,0.10483551025390625,0
830.7672226428986,0.8743781921386719,0.08000000000004093,17.532637894287106,0.10483551025390625,0
830.7882220745087,0.7685096618652344,0.03999999999996362,17.560382492675778,0.12772369384765625,0
830.815107345581,0.8598945495605468,0.0,17.384666702880857,0.09720611572265625,0
830.827630519867,0.6822975036621094,0.12000000000000455,17.50181056274414,0.10483551025390625,0
830.8316340446472,0.7226447937011719,-0.01999999999998181,17.366170303955077,0.14298248291015625,0
830.8377170562744,0.8836891052246093,0.13999999999998636,17.560382492675778,0.09720611572265625,0
830.842747926712,1.0623206970214842,0.2400000000000091,17.544968826904295,0.12772369384765625,0
830.8482522964478,0.9167945739746093,0.17999999999994998,17.406245834960934,0.12009429931640625,0
830.8527479171753,0.8140296813964844,0.12000000000000455,17.594292557373045,0.12772369384765625,0
830.8582537174225,0.8402381774902343,0.12000000000000455,17.646699020996092,0.12009429931640625,0
830.862232208252,0.7564399597167969,0.01999999999998181,17.474065964355468,0.12009429931640625,0
830.867166519165,0.6881599304199219,0.12000000000000455,17.4432386328125,0.12009429931640625,0
830.8721792697906,0.7050575134277344,0.08000000000004093,17.560382492675778,0.12772369384765625,0
830.876663684845,0.8312721130371094,0.17999999999994998,17.514141495361326,0.12009429931640625,0
830.8923103809357,0.7716132995605468,0.05999999999994543,17.612788956298825,0.12009429931640625,0
830.9236912727356,0.8957588073730468,0.05999999999994543,17.665195419921872,0.12009429931640625,0
830.94171833992,0.7429908630371094,0.03999999999996362,17.625119888916014,0.10483551025390625,0
830.9462502002716,0.6336738464355468,0.13999999999998636,17.47098323120117,0.10483551025390625,0
830.9491951465607,0.5929817077636719,0.12000000000000455,17.347673905029296,0.12772369384765625,0
830.9532368183136,0.5957404968261719,0.12000000000000455,17.591209824218748,0.12009429931640625,0
830.9571325778961,0.6936775085449218,0.10000000000002274,17.64978175415039,0.12009429931640625,0
830.9631338119507,0.9726600524902344,0.01999999999998181,17.433990433349607,0.14298248291015625,0
830.9682278633118,1.1526710388183594,0.13999999999998636,17.921062271728513,0.10483551025390625,0
830.9722459316254,0.8992072937011718,0.05999999999994543,17.532637894287106,0.14298248291015625,0
830.9781286716461,0.9709358093261719,0.05999999999994543,17.449404099121093,0.15061187744140625,0
830.982705116272,0.8381690856933594,-0.01999999999998181,17.316846573486327,0.12009429931640625,0
830.9882202148438,0.8619636413574219,0.08000000000004093,17.504893295898437,0.12772369384765625,0
831.0007472038269,1.0216285583496094,0.20000000000004547,17.82549754394531,0.12772369384765625,0
831.0317814350128,0.8436866638183593,0.15999999999996817,17.298350174560547,0.12772369384765625,0
831.0500054359436,0.8743781921386719,0.03999999999996362,17.319929306640624,0.15824127197265625,0
831.053790807724,0.8636878845214844,0.12000000000000455,17.474065964355468,0.13535308837890625,0
831.0577952861786,0.8692054626464844,-0.03999999999996362,17.566547958984373,0.13535308837890625,0
831.063218832016,0.9743842956542969,-0.05999999999994543,17.396997635498046,0.12009429931640625,0
831.0678267478943,1.1223243591308594,-0.05999999999994543,17.81624934448242,0.12009429931640625,0
831.0732090473175,1.0940467712402344,0.01999999999998181,17.50797602905273,0.12772369384765625,0
831.0769441127777,1.033698260498047,0.15999999999996817,17.46173503173828,0.10483551025390625,0
831.0830478668213,1.0464576599121094,0.13999999999998636,17.329177506103512,0.12772369384765625,0
831.0881905555725,0.9909370300292968,0.12000000000000455,17.514141495361326,0.12772369384765625,0
831.0922236442566,0.9805915710449218,0.08000000000004093,17.566547958984373,0.10483551025390625,0
831.105232000351,0.8095466491699218,0.08000000000004093,17.52030696166992,0.12009429931640625,0
831.1352527141571,0.9805915710449218,0.03999999999996362,18.096778061523434,0.13535308837890625,0
831.1532669067383,0.8143745300292968,0.10000000000002274,17.572713425292967,0.14298248291015625,0
831.1572699546814,0.8185127136230469,0.01999999999998181,17.606623489990234,0.12772369384765625,0
831.162296295166,0.8919654724121093,0.01999999999998181,17.424742233886718,0.12772369384765625,0
831.1682288646698,0.9447273132324219,0.13999999999998636,18.075198929443356,0.12772369384765625,0
831.172233581543,0.9926612731933593,0.08000000000004093,17.514141495361326,0.12009429931640625,0
831.1769726276398,1.0423194763183594,0.17999999999994998,17.483314163818356,0.12772369384765625,0
831.1822171211243,0.9540382263183593,0.17999999999994998,17.32301203979492,0.12772369384765625,0
831.1872158050537,0.8585151550292969,0.08000000000004093,17.526472427978515,0.12772369384765625,0
831.1922180652618,0.8312721130371094,0.01999999999998181,17.594292557373045,0.12009429931640625,0
831.1982417106628,0.7305763122558594,0.13999999999998636,17.424742233886718,0.12772369384765625,0
831.2022233009338,0.6960914489746094,0.08000000000004093,18.010461533203124,0.09720611572265625,0
831.2063434123993,0.7133338806152344,0.01999999999998181,17.634368088378903,0.13535308837890625,0
831.2273423671722,0.8357551452636719,0.01999999999998181,17.45865229858398,0.12009429931640625,0
831.2602095603943,0.8012702819824219,0.08000000000004093,17.526472427978515,0.12772369384765625,0
831.2692456245422,0.6974708435058593,0.0,18.065950729980468,0.10483551025390625,0
831.2731878757477,0.6629859802246093,0.12000000000000455,17.56963069213867,0.12009429931640625,0
831.2769668102264,0.6043617126464844,0.12000000000000455,17.523389694824218,0.12009429931640625,0
831.2822861671448,0.6322944519042969,0.17999999999994998,17.356922104492185,0.14298248291015625,0
831.2872626781464,0.6929878112792969,0.2400000000000091,17.55113429321289,0.14298248291015625,0
831.2923374176025,0.9116218444824218,0.17999999999994998,17.58812709106445,0.12772369384765625,0
831.2973430156708,1.0292152282714844,0.10000000000002274,17.418576767578124,0.12772369384765625,0
831.3013501167297,0.7043678161621093,0.10000000000002274,18.44820964111328,0.12009429931640625,0
831.3071537017822,0.7236793395996094,0.12000000000000455,17.634368088378903,0.12772369384765625,0
831.3131670951843,0.6957466003417968,0.20000000000004547,17.446321365966796,0.12772369384765625,0
831.3181691169739,0.7181617614746093,0.13999999999998636,18.392720444335936,0.14298248291015625,0
831.3391923904419,0.6957466003417968,0.05999999999994543,17.56963069213867,0.10483551025390625,0
831.3651793003082,1.1702583190917968,0.15999999999996817,17.40932856811523,0.10483551025390625,0
831.3781962394714,0.7967872497558594,0.05999999999994543,17.483314163818356,0.12772369384765625,0
831.382194519043,0.7523017761230468,0.05999999999994543,17.36308757080078,0.12772369384765625,0
831.3872072696686,0.7671302673339844,0.08000000000004093,17.563465225830075,0.12772369384765625,0
831.3922362327576,0.9081733581542968,0.08000000000004093,17.603540756835937,0.12772369384765625,0
831.3971331119537,1.075080096435547,0.13999999999998636,17.446321365966796,0.12772369384765625,0
831.4032456874847,0.9671424743652344,0.08000000000004093,17.671360886230467,0.12009429931640625,0
831.4068081378937,0.8847236511230469,0.03999999999996362,17.646699020996092,0.12009429931640625,0
831.4128148555756,0.9092079040527343,0.12000000000000455,17.464817764892576,0.09720611572265625,0
831.4182176589966,0.8005805847167968,0.12000000000000455,18.28790751708984,0.12772369384765625,0
831.4222502708435,0.7885108825683593,0.08000000000004093,17.566547958984373,0.10483551025390625,0
831.4276685714722,0.7895454284667969,0.08000000000004093,17.48947963012695,0.12009429931640625,0
831.4576861858368,0.9195533630371093,-0.03999999999996362,17.652864487304686,0.12009429931640625,0
831.50430560112,0.8578254577636718,0.05999999999994543,17.55113429321289,0.12772369384765625,0
831.5166256427765,0.7785102722167968,0.12000000000000455,17.37233577026367,0.12772369384765625,0
831.5218439102173,0.6405708190917968,0.17999999999994998,17.560382492675778,0.10483551025390625,0
831.5278449058533,0.6471229431152343,0.05999999999994543,17.46173503173828,0.13535308837890625,0
831.5328540802002,0.7854072448730468,0.01999999999998181,17.319929306640624,0.14298248291015625,0
831.5538704395294,0.8598945495605468,0.12000000000000455,17.50181056274414,0.14298248291015625,0
831.5848886966705,1.0964607116699219,0.05999999999994543,18.284824783935544,0.12772369384765625,0
831.6129097938538,0.7350593444824218,0.0,17.369253037109374,0.12009429931640625,0
831.6179130077362,1.0123176452636717,0.12000000000000455,18.189260056152342,0.12772369384765625,0
831.6229164600372,0.8636878845214844,0.2400000000000091,17.50181056274414,0.10483551025390625,0
831.6279032230377,0.6522956726074218,0.01999999999998181,17.418576767578124,0.10483551025390625,0
831.6332108974457,0.6919532653808593,0.10000000000002274,17.286019241943357,0.12772369384765625,0
831.6379251480103,0.7885108825683593,0.10000000000002274,17.486396896972654,0.12009429931640625,0
831.643247127533,0.8526527282714843,0.13999999999998636,17.50181056274414,0.14298248291015625,0
831.6642122268677,0.8557563659667968,0.22000000000002728,17.40932856811523,0.12009429931640625,0
831.7232131958008,0.6602271911621094,0.15999999999996817,17.548051560058592,0.12772369384765625,0
831.749208688736,0.6829872009277344,0.08000000000004093,17.344591171875,0.12009429931640625,0
831.7532110214233,0.7571296569824219,0.15999999999996817,17.655947220458984,0.12009429931640625,0
831.773197889328,0.5981544372558594,0.15999999999996817,17.560382492675778,0.12009429931640625,0
831.8182229995728,0.6767799255371093,0.15999999999996817,18.24166651977539,0.13535308837890625,0
831.8362350463867,0.6664344665527343,0.15999999999996817,18.18001185668945,0.08957672119140625,0
831.8401374816895,0.6619514343261719,0.17999999999994998,17.58812709106445,0.13535308837890625,0
831.8431394100189,0.7247138854980468,0.12000000000000455,17.566547958984373,0.12772369384765625,0
831.8481476306915,0.7450599548339844,0.08000000000004093,17.427824967041015,0.12772369384765625,0
831.8522980213165,0.7478187438964844,0.08000000000004093,17.847076676025388,0.13535308837890625,0
831.8562977313995,0.8192024108886719,0.15999999999996817,17.615871689453122,0.12009429931640625,0
831.8622159957886,0.9154151794433594,0.10000000000002274,17.464817764892576,0.12009429931640625,0
831.8824517726898,0.6340186950683594,0.20000000000004547,17.356922104492185,0.09720611572265625,0
831.9102118015289,0.7878211853027344,0.20000000000004547,17.563465225830075,0.12772369384765625,0
831.9236299991608,0.6743659851074219,0.10000000000002274,17.68677455200195,0.10483551025390625,0
831.9281890392303,0.6129829284667968,0.13999999999998636,17.492562363281248,0.12009429931640625,0
831.9322323799133,0.6974708435058593,0.0,17.406245834960934,0.12772369384765625,0
831.9372355937958,0.9126563903808593,0.0,17.566547958984373,0.14298248291015625,0
831.9422407150269,1.1588783142089842,0.22000000000002728,17.625119888916014,0.10483551025390625,0
831.9466240406036,0.8471351501464843,0.15999999999996817,17.464817764892576,0.12009429931640625,0
831.952216386795,0.8871375915527343,0.12000000000000455,18.183094589843748,0.10483551025390625,0
831.9572193622589,0.8654121276855469,0.08000000000004093,17.6374508215332,0.10483551025390625,0
831.9622416496277,0.7443702575683594,0.08000000000004093,17.495645096435545,0.10483551025390625,0
831.9672400951385,0.6860908386230469,0.13999999999998636,17.403163101806637,0.12772369384765625,0
831.9812440872192,0.8433418151855469,0.10000000000002274,17.4401558996582,0.14298248291015625,0
832.0112245082855,0.8547218200683593,0.05999999999994543,17.427824967041015,0.13535308837890625,0
832.0292139053345,0.7474738952636718,0.08000000000004093,17.40932856811523,0.13535308837890625,0
832.033210515976,0.8002357360839844,0.01999999999998181,17.279853775634763,0.14298248291015625,0
832.0372500419617,0.9047248718261718,0.17999999999994998,17.50797602905273,0.13535308837890625,0
832.041740655899,0.9812812683105469,0.13999999999998636,17.58196162475586,0.12772369384765625,0
832.0482106208801,0.8447212097167969,0.10000000000002274,17.387749436035154,0.15061187744140625,0
832.0522391796112,0.8447212097167969,0.01999999999998181,17.988882401123046,0.12772369384765625,0
832.0572175979614,0.8143745300292968,0.01999999999998181,17.560382492675778,0.12772369384765625,0
832.0622177124023,0.7633369323730469,-0.01999999999998181,17.42165950073242,0.13535308837890625,0
832.0672252178192,0.6698829528808593,0.10000000000002274,17.316846573486327,0.14298248291015625,0
832.0722374916077,0.6567787048339844,0.05999999999994543,17.495645096435545,0.12772369384765625,0
832.0769670009613,0.6164314147949218,0.03999999999996362,17.48023143066406,0.12772369384765625,0
832.0831871032715,0.5440132019042969,0.03999999999996362,17.286019241943357,0.12772369384765625,0
832.1042063236237,0.7329902526855469,0.10000000000002274,17.51105876220703,0.12772369384765625,0
832.1312444210052,0.6526405212402343,0.03999999999996362,17.384666702880857,0.13535308837890625,0
832.1452040672302,0.8598945495605468,0.0,17.433990433349607,0.12009429931640625,0
832.1481049060822,0.7933387634277344,0.22000000000002728,17.41241130126953,0.12772369384765625,0
832.1531217098236,0.7523017761230468,0.22000000000002728,17.622037155761717,0.12009429931640625,0
832.1581468582153,0.7229896423339843,0.08000000000004093,17.63128535522461,0.12772369384765625,0
832.1631565093994,0.6002235290527344,0.17999999999994998,17.42165950073242,0.14298248291015625,0
832.1681592464447,0.5884986755371093,0.13999999999998636,17.939558670654296,0.14298248291015625,0
832.1731770038605,0.7005744812011718,0.08000000000004093,17.529555161132812,0.12772369384765625,0
832.1771814823151,0.7716132995605468,0.08000000000004093,17.50181056274414,0.10483551025390625,0
832.1821572780609,0.8150642272949219,0.12000000000000455,17.366170303955077,0.12009429931640625,0
832.1865329742432,0.8078224060058593,0.08000000000004093,17.55113429321289,0.12772369384765625,0
832.1915369033813,0.7326454040527344,0.03999999999996362,17.612788956298825,0.10483551025390625,0
832.2132039070129,0.5702216979980469,0.01999999999998181,17.46173503173828,0.09720611572265625,0
832.241238117218,0.8409278747558594,0.01999999999998181,17.662112686767575,0.08957672119140625,0
832.2552533149719,0.6388465759277343,0.12000000000000455,17.566547958984373,0.10483551025390625,0
832.2583436965942,0.5540138122558593,0.15999999999996817,17.62820262207031,0.12009429931640625,0
832.2633476257324,0.48228529663085934,0.03999999999996362,17.486396896972654,0.12772369384765625,0
832.2672379016876,0.5229774353027343,0.03999999999996362,17.38158396972656,0.13535308837890625,0
832.2721734046936,0.8523078796386718,0.13999999999998636,17.548051560058592,0.10483551025390625,0
832.2771763801575,1.0519752380371092,0.20000000000004547,17.544968826904295,0.12009429931640625,0
832.2832355499268,0.7771308776855469,0.13999999999998636,17.350756638183594,0.10483551025390625,0
832.2873060703278,0.7405769226074218,0.10000000000002274,17.58812709106445,0.12772369384765625,0
832.2922084331512,0.7605781433105469,0.10000000000002274,17.652864487304686,0.12009429931640625,0
832.298253774643,0.6233283874511718,0.05999999999994543,17.464817764892576,0.12772369384765625,0
832.3022441864014,0.5743598815917969,0.13999999999998636,18.238583786621092,0.12009429931640625,0
832.3232073783875,0.8919654724121093,0.08000000000004093,17.56963069213867,0.12009429931640625,0
832.3492243289948,0.5174598571777344,0.03999999999996362,17.37233577026367,0.12009429931640625,0
832.3622136116028,0.8288581726074219,0.13999999999998636,17.486396896972654,0.09720611572265625,0
832.3672106266022,0.7443702575683594,0.03999999999996362,17.396997635498046,0.10483551025390625,0
832.3715329170227,0.6064308044433594,0.01999999999998181,17.58812709106445,0.12772369384765625,0
832.3772485256195,0.5836707946777344,0.10000000000002274,17.58196162475586,0.12772369384765625,0
832.3812506198883,0.6002235290527344,0.10000000000002274,17.4432386328125,0.12009429931640625,0
832.3862543106079,0.5688423034667969,0.13999999999998636,17.575796158447265,0.12772369384765625,0
832.3922579288483,0.6588477966308594,0.08000000000004093,17.652864487304686,0.13535308837890625,0
832.3972613811493,0.8423072692871093,0.01999999999998181,17.45248683227539,0.12009429931640625,0
832.4012637138367,0.7460945007324219,0.10000000000002274,18.08136439575195,0.09720611572265625,0
832.4069929122925,0.6278114196777344,0.05999999999994543,17.575796158447265,0.12009429931640625,0
832.4113883972168,0.5688423034667969,0.05999999999994543,17.492562363281248,0.12009429931640625,0
832.4325380325317,0.7988563415527343,0.10000000000002274,17.3415084387207,0.12009429931640625,0
832.4646379947662,0.5905677673339844,0.05999999999994543,17.446321365966796,0.12009429931640625,0
832.4742107391357,0.9009315368652343,0.10000000000002274,17.646699020996092,0.09720611572265625,0
832.478146314621,0.7347144958496094,0.08000000000004093,17.504893295898437,0.09720611572265625,0
832.4832305908203,0.5850501892089843,-0.03999999999996362,17.347673905029296,0.13535308837890625,0
832.4872198104858,0.5636695739746094,0.08000000000004093,17.58812709106445,0.12772369384765625,0
832.4926142692566,0.5950507995605469,0.15999999999996817,17.575796158447265,0.12009429931640625,0
832.4976291656494,0.5491859313964844,0.12000000000000455,17.4432386328125,0.12772369384765625,0
832.5032365322113,0.7409217712402344,0.05999999999994543,17.671360886230467,0.14298248291015625,0
832.5082061290741,1.0674934265136717,0.05999999999994543,17.6374508215332,0.12009429931640625,0
832.5131750106812,0.8767921325683593,0.05999999999994543,17.449404099121093,0.13535308837890625,0
832.5171592235565,0.7695442077636718,0.0,17.33226023925781,0.14298248291015625,0
832.5375626087189,0.9440376159667968,0.10000000000002274,17.48023143066406,0.14298248291015625,0
832.5696542263031,0.6381568786621094,0.05999999999994543,17.606623489990234,0.14298248291015625,0
832.5786623954773,0.7719581481933594,0.0,17.418576767578124,0.12772369384765625,0
832.5826659202576,0.8050636169433594,0.13999999999998636,17.279853775634763,0.14298248291015625,0
832.5876684188843,0.8433418151855469,0.03999999999996362,17.492562363281248,0.12772369384765625,0
832.5927500724792,0.8036842224121094,0.15999999999996817,17.523389694824218,0.14298248291015625,0
832.598230600357,0.7785102722167968,0.15999999999996817,17.396997635498046,0.12772369384765625,0
832.6022052764893,0.6840217468261719,0.05999999999994543,17.911814072265624,0.12009429931640625,0
832.6071138381958,0.6709174987792969,0.01999999999998181,17.535720627441403,0.12772369384765625,0
832.6126804351807,0.6267768737792968,0.12000000000000455,17.424742233886718,0.12772369384765625,0
832.6182079315186,0.6122932312011719,0.08000000000004093,17.853242142333983,0.12009429931640625,0
832.6232054233551,0.6319496032714843,0.01999999999998181,17.504893295898437,0.13535308837890625,0
832.6292097568512,0.8536872741699219,0.03999999999996362,17.41241130126953,0.15061187744140625,0
832.6598551273346,0.4422828552246093,0.03999999999996362,17.523389694824218,0.12772369384765625,0
832.7104690074921,0.6567787048339844,0.13999999999998636,17.523389694824218,0.09720611572265625,0
832.7312042713165,0.30882643432617185,0.08000000000004093,17.449404099121093,0.12009429931640625,0
832.7349042892456,0.2929633972167968,0.05999999999994543,17.979634201660154,0.12772369384765625,0
832.7482042312622,0.6891944763183594,0.2599999999999909,17.449404099121093,0.10483551025390625,0
832.7822659015656,0.7419563171386718,0.20000000000004547,17.43090770019531,0.10483551025390625,0
832.7949645519257,0.6819526550292968,0.17999999999994998,17.486396896972654,0.12772369384765625,0
832.7979910373688,0.6416053649902344,0.08000000000004093,17.4432386328125,0.12772369384765625,0
832.80246758461,0.6547096130371094,0.08000000000004093,17.850159409179685,0.12009429931640625,0
832.8064906597137,0.8312721130371094,0.08000000000004093,17.572713425292967,0.12009429931640625,0
832.8119511604309,0.9799018737792968,0.13999999999998636,17.486396896972654,0.09720611572265625,0
832.8181240558624,0.7729926940917968,0.08000000000004093,17.840911209716793,0.12009429931640625,0
832.8228249549866,0.6933326599121094,0.17999999999994998,17.603540756835937,0.12772369384765625,0
832.8279228210449,0.7498878356933594,0.12000000000000455,17.514141495361326,0.10483551025390625,0
832.8331623077393,0.7554054138183594,0.12000000000000455,17.360004837646482,0.12009429931640625,0
832.8381733894348,0.6336738464355468,0.22000000000002728,17.56963069213867,0.09720611572265625,0
832.8432033061981,0.7026435729980468,0.12000000000000455,17.594292557373045,0.12772369384765625,0
832.8479702472687,0.9457618591308593,0.22000000000002728,17.449404099121093,0.12772369384765625,0
832.8749508857727,0.5726356384277344,0.17999999999994998,17.674443619384764,0.10483551025390625,0
832.9370255470276,0.5215980407714844,0.12000000000000455,17.622037155761717,0.12009429931640625,0
832.9600129127502,0.48159559936523433,0.03999999999996362,17.58196162475586,0.12772369384765625,0
832.977068901062,0.7626472351074218,0.05999999999994543,17.55113429321289,0.15061187744140625,0
833.0190722942352,0.5753944274902344,0.12000000000000455,17.958055069580077,0.12009429931640625,0
833.0360836982727,0.9098976013183593,0.20000000000004547,17.979634201660154,0.12009429931640625,0
833.0390086174011,0.8416175720214844,0.03999999999996362,17.492562363281248,0.12772369384765625,0
833.0431861877441,0.6895393249511719,0.22000000000002728,17.548051560058592,0.13535308837890625,0
833.0467977523804,0.5264259216308593,0.22000000000002728,17.400080368652343,0.13535308837890625,0
833.0531857013702,0.8464454528808594,0.15999999999996817,17.9364759375,0.14298248291015625,0
833.0572011470795,1.1219795104980468,0.20000000000004547,17.50797602905273,0.12009429931640625,0
833.062194108963,0.8167884704589844,0.08000000000004093,17.433990433349607,0.12772369384765625,0
833.0670068264008,0.6071205017089844,0.15999999999996817,17.310681107177732,0.13535308837890625,0
833.1020312309265,0.5119422790527344,0.15999999999996817,17.979634201660154,0.12772369384765625,0
833.1570694446564,0.4033149597167968,0.15999999999996817,17.544968826904295,0.12009429931640625,0
833.1762001514435,0.3826240417480468,0.22000000000002728,17.615871689453122,0.10483551025390625,0
833.1945910453796,0.5091834899902343,0.2599999999999909,17.50181056274414,0.12772369384765625,0
833.2376134395599,0.7271278259277344,0.2400000000000091,17.548051560058592,0.10483551025390625,0
833.2557120323181,0.8050636169433594,0.2400000000000091,17.563465225830075,0.10483551025390625,0
833.2597227096558,0.7695442077636718,0.01999999999998181,17.591209824218748,0.10483551025390625,0
833.2638370990753,0.7164375183105468,0.13999999999998636,17.47098323120117,0.12009429931640625,0
833.268640756607,0.6867805358886718,0.13999999999998636,18.087529862060546,0.10483551025390625,0
833.2721843719482,0.5629798767089844,0.05999999999994543,17.566547958984373,0.12772369384765625,0
833.2764420509338,0.5895332214355469,0.01999999999998181,17.585044357910153,0.10483551025390625,0
833.2831616401672,0.6457435485839843,0.01999999999998181,17.356922104492185,0.13535308837890625,0
833.3041832447052,0.6895393249511719,0.10000000000002274,17.585044357910153,0.10483551025390625,0
833.3312814235687,0.8874824401855468,0.20000000000004547,17.4401558996582,0.13535308837890625,0
833.3452959060669,0.6660896179199218,0.13999999999998636,17.446321365966796,0.14298248291015625,0
833.3492956161499,0.7157478210449219,0.15999999999996817,17.360004837646482,0.12772369384765625,0
833.3532998561859,0.7026435729980468,0.15999999999996817,17.96422053588867,0.12009429931640625,0
833.3571426868439,0.7119544860839844,0.01999999999998181,17.504893295898437,0.12772369384765625,0
833.3631498813629,0.6743659851074219,0.08000000000004093,17.403163101806637,0.13535308837890625,0
833.3673117160797,0.8664466735839843,0.03999999999996362,17.403163101806637,0.12772369384765625,0
833.3722836971283,0.9102424499511719,0.13999999999998636,17.48947963012695,0.12772369384765625,0
833.3771481513977,0.7802345153808593,0.13999999999998636,17.526472427978515,0.14298248291015625,0
833.3821799755096,0.7071266052246094,0.03999999999996362,17.384666702880857,0.13535308837890625,0
833.3881740570068,0.7309211608886719,0.15999999999996817,17.486396896972654,0.12772369384765625,0
833.3931722640991,0.6009132263183594,0.10000000000002274,17.548051560058592,0.12772369384765625,0
833.4205915927887,0.8050636169433594,0.03999999999996362,17.51105876220703,0.12009429931640625,0
833.4735112190247,0.7436805603027343,0.01999999999998181,17.548051560058592,0.12009429931640625,0
833.491614818573,0.6257423278808594,0.01999999999998181,17.63128535522461,0.12772369384765625,0
833.4962739944458,0.7536811706542969,0.13999999999998636,17.446321365966796,0.12009429931640625,0
833.4995269775391,0.9178291198730468,0.13999999999998636,17.30143290771484,0.12772369384765625,0
833.5125312805176,0.7978217956542969,0.10000000000002274,17.46173503173828,0.12009429931640625,0
833.5445554256439,0.8212715026855468,0.10000000000002274,17.483314163818356,0.12009429931640625,0
833.5625903606415,0.7257484313964844,0.12000000000000455,17.48023143066406,0.12009429931640625,0
833.5665717124939,0.6702278015136719,0.13999999999998636,17.356922104492185,0.10483551025390625,0
833.5726084709167,0.5916023132324219,0.0,17.566547958984373,0.10483551025390625,0
833.5782086849213,0.5188392517089844,0.12000000000000455,17.52030696166992,0.13535308837890625,0
833.5831789970398,0.5057350036621093,0.05999999999994543,17.36308757080078,0.09720611572265625,0
833.5871825218201,0.5022865173339843,0.05999999999994543,17.779256546630858,0.13535308837890625,0
833.5923418998718,0.7136787292480469,0.12000000000000455,17.66827815307617,0.13535308837890625,0
833.5972867012024,0.9430030700683594,0.08000000000004093,17.46173503173828,0.12009429931640625,0
833.6022915840149,0.8105811950683594,0.03999999999996362,18.380389511718747,0.10483551025390625,0
833.6071991920471,0.6685035583496094,0.13999999999998636,17.566547958984373,0.13535308837890625,0
833.6115016937256,0.6850562927246093,0.13999999999998636,17.486396896972654,0.10483551025390625,0
833.6172881126404,0.6350532409667968,0.20000000000004547,17.344591171875,0.12772369384765625,0
833.6381392478943,0.9485206481933594,0.0,17.548051560058592,0.12772369384765625,0
833.6701648235321,0.4809059020996093,0.10000000000002274,17.828580277099608,0.12772369384765625,0
833.6791779994965,0.8226508972167969,0.17999999999994998,17.48947963012695,0.09720611572265625,0
833.6832678318024,0.8105811950683594,0.13999999999998636,17.366170303955077,0.08957672119140625,0
833.6862623691559,0.6416053649902344,0.17999999999994998,17.714519150390622,0.12772369384765625,0
833.6913666725159,0.5626350280761718,-0.01999999999998181,17.683691818847656,0.13535308837890625,0
833.6981554031372,0.6091895935058593,0.10000000000002274,17.45865229858398,0.09720611572265625,0
833.7032585144043,0.6302253601074218,0.10000000000002274,18.136853592529295,0.12009429931640625,0
833.7072620391846,0.6643653747558593,0.12000000000000455,17.566547958984373,0.13535308837890625,0
833.7113389968872,0.8402381774902343,0.05999999999994543,17.486396896972654,0.12009429931640625,0
833.7173306941986,0.8905860778808593,0.15999999999996817,17.3415084387207,0.12772369384765625,0
833.7312307357788,0.6553993103027344,0.10000000000002274,17.464817764892576,0.12009429931640625,0
833.7622833251953,0.7133338806152344,0.03999999999996362,17.492562363281248,0.09720611572265625,0
833.7801640033722,0.5140113708496094,0.03999999999996362,17.486396896972654,0.12009429931640625,0
833.7841515541077,0.5229774353027343,0.03999999999996362,17.378501236572262,0.12772369384765625,0
833.7881894111633,0.5502204772949219,0.05999999999994543,17.572713425292967,0.12772369384765625,0
833.7918508052826,0.6271217224121094,0.01999999999998181,17.67752635253906,0.12772369384765625,0
833.7975687980652,0.7509223815917968,0.01999999999998181,17.45865229858398,0.12772369384765625,0
833.8026344776154,0.9719703552246093,0.10000000000002274,18.226252854003903,0.10483551025390625,0
833.8082239627838,0.9588661071777344,0.05999999999994543,17.683691818847656,0.09720611572265625,0
833.811573266983,0.8529975769042968,0.01999999999998181,17.50181056274414,0.12772369384765625,0
833.8166742324829,0.8374793884277344,0.0,17.36308757080078,0.12009429931640625,0
833.8226816654205,0.8785163757324218,0.0,17.58196162475586,0.12772369384765625,0
833.82768034935,0.7726478454589844,0.08000000000004093,17.523389694824218,0.09720611572265625,0
833.8412156105042,0.7660957214355468,0.05999999999994543,17.643616287841795,0.12009429931640625,0
833.8717558383942,0.9792121765136719,0.01999999999998181,17.560382492675778,0.12009429931640625,0
833.8898522853851,0.9747291442871093,-0.05999999999994543,17.548051560058592,0.14298248291015625,0
833.8938572406769,0.9599006530761718,0.10000000000002274,17.529555161132812,0.10483551025390625,0
833.8982298374176,1.0178352233886718,0.01999999999998181,17.418576767578124,0.12772369384765625,0
833.9017555713654,1.0016273376464844,0.0,18.198508255615234,0.13535308837890625,0
833.9081547260284,0.9402442810058593,0.0,17.606623489990234,0.12772369384765625,0
833.9125320911407,0.9074836608886718,0.0,17.41241130126953,0.13535308837890625,0
833.9172203540802,0.8992072937011718,-0.01999999999998181,17.289101975097655,0.12772369384765625,0
833.9215557575226,0.8961036560058593,-0.03999999999996362,17.492562363281248,0.10483551025390625,0
833.9275484085083,0.8561012145996093,0.12000000000000455,17.47098323120117,0.13535308837890625,0
833.9331393241882,0.8285133239746093,0.08000000000004093,17.286019241943357,0.12009429931640625,0
833.938193321228,0.8143745300292968,0.03999999999996362,17.48947963012695,0.12009429931640625,0
833.9419345855713,0.8140296813964844,0.01999999999998181,17.597375290527342,0.14298248291015625,0
833.9624829292297,0.9578315612792968,0.01999999999998181,17.418576767578124,0.14298248291015625,0
833.9935138225555,0.7591987487792968,-0.01999999999998181,17.51105876220703,0.12772369384765625,0
834.0025434494019,0.6547096130371094,0.15999999999996817,18.001213333740232,0.13535308837890625,0
834.0066266059875,0.5964301940917969,0.12000000000000455,17.50797602905273,0.12009429931640625,0
834.0126483440399,0.6222938415527344,0.03999999999996362,17.406245834960934,0.12009429931640625,0
834.0175247192383,0.7650611755371094,0.0,17.37233577026367,0.14298248291015625,0
834.021625995636,0.8681709167480468,0.08000000000004093,17.48947963012695,0.12772369384765625,0
834.028169631958,0.7147132751464843,0.01999999999998181,17.483314163818356,0.14298248291015625,0
834.0321867465973,0.6233283874511718,0.05999999999994543,17.396997635498046,0.14298248291015625,0
834.038170337677,0.5895332214355469,0.05999999999994543,17.50797602905273,0.12772369384765625,0
834.0415616035461,0.6257423278808594,0.17999999999994998,17.615871689453122,0.15061187744140625,0
834.0476214885712,0.5871192810058594,0.10000000000002274,17.396997635498046,0.12772369384765625,0
834.0606322288513,0.8140296813964844,0.20000000000004547,17.48947963012695,0.10483551025390625,0
834.0906829833984,0.8547218200683593,0.13999999999998636,17.572713425292967,0.12772369384765625,0
834.1086893081665,0.6940223571777343,0.12000000000000455,17.615871689453122,0.12772369384765625,0
834.1131010055542,0.6943672058105469,0.15999999999996817,17.449404099121093,0.14298248291015625,0
834.1176993846893,0.7188514587402344,0.08000000000004093,17.356922104492185,0.10483551025390625,0
834.1231913566589,0.7367835876464843,0.08000000000004093,17.541886093749998,0.12009429931640625,0
834.1272010803223,0.6226386901855469,0.01999999999998181,17.563465225830075,0.12772369384765625,0
834.1313118934631,0.4843543884277343,0.05999999999994543,17.4432386328125,0.10483551025390625,0
834.1364071369171,0.4829749938964843,0.01999999999998181,17.779256546630858,0.09720611572265625,0
834.1421921253204,0.3336555358886718,-0.03999999999996362,17.665195419921872,0.10483551025390625,0
834.1481914520264,0.4533180114746093,-0.03999999999996362,17.433990433349607,0.12772369384765625,0
834.1522796154022,0.8098914978027344,0.05999999999994543,18.08136439575195,0.14298248291015625,0
834.1572802066803,1.1126685974121093,0.05999999999994543,17.544968826904295,0.09720611572265625,0
834.1822650432587,0.8026496765136718,0.15999999999996817,17.424742233886718,0.12009429931640625,0
834.2352955341339,0.8912757751464844,0.10000000000002274,18.00429606689453,0.09720611572265625,0
834.2581901550293,0.6636756774902344,0.12000000000000455,17.665195419921872,0.10483551025390625,0
834.2621824741364,0.6436744567871093,0.05999999999994543,17.52030696166992,0.10483551025390625,0
834.2672545909882,0.6567787048339844,0.03999999999996362,17.36308757080078,0.12009429931640625,0
834.284200668335,0.8585151550292969,0.03999999999996362,17.356922104492185,0.12009429931640625,0
834.3223652839661,0.7943733093261719,0.12000000000000455,17.563465225830075,0.10483551025390625,0
834.345193862915,0.6447090026855469,0.10000000000002274,17.52030696166992,0.10483551025390625,0
834.3491883277893,0.5415992614746094,0.01999999999998181,17.45865229858398,0.14298248291015625,0
834.3532619476318,0.48676832885742183,0.13999999999998636,18.07211619628906,0.12772369384765625,0
834.357263803482,0.45400770874023433,0.10000000000002274,17.585044357910153,0.12772369384765625,0
834.3631892204285,0.5591865417480468,0.10000000000002274,17.48023143066406,0.12009429931640625,0
834.3682298660278,0.7802345153808593,0.05999999999994543,17.387749436035154,0.13535308837890625,0
834.3715250492096,0.9512794372558593,0.2599999999999909,17.548051560058592,0.09720611572265625,0
834.3782196044922,0.7729926940917968,0.03999999999996362,17.548051560058592,0.09720611572265625,0
834.3812208175659,0.6798835632324218,0.13999999999998636,17.45865229858398,0.10483551025390625,0
834.3992421627045,0.6840217468261719,0.08000000000004093,17.433990433349607,0.12772369384765625,0
834.4384927749634,0.7440254089355468,0.15999999999996817,17.48947963012695,0.15061187744140625,0
834.4616177082062,0.9278297302246094,0.15999999999996817,17.427824967041015,0.13535308837890625,0
834.4656174182892,0.9071388122558594,0.20000000000004547,17.366170303955077,0.12009429931640625,0
834.469621181488,0.8878272888183594,0.01999999999998181,17.760760147705078,0.12772369384765625,0
834.474621295929,0.8402381774902343,0.01999999999998181,17.594292557373045,0.12772369384765625,0
834.4791872501373,0.8636878845214844,-0.01999999999998181,17.427824967041015,0.14298248291015625,0
834.4821927547455,0.8054084655761719,-0.01999999999998181,17.387749436035154,0.13535308837890625,0
834.4871881008148,0.8423072692871093,-0.01999999999998181,17.64978175415039,0.10483551025390625,0
834.5042042732239,0.7978217956542969,-0.03999999999996362,17.529555161132812,0.13535308837890625,0
834.5372273921967,0.8002357360839844,-0.05999999999994543,17.609706223144528,0.14298248291015625,0
834.5552425384521,0.8081672546386719,0.01999999999998181,17.492562363281248,0.15061187744140625,0
834.5592226982117,0.7978217956542969,0.0,17.606623489990234,0.12009429931640625,0
834.5632255077362,0.8116157409667969,0.0,17.418576767578124,0.12009429931640625,0
834.5672285556793,0.8164436218261718,0.0,17.28293650878906,0.12772369384765625,0
834.5722262859344,0.8112708923339843,0.0,17.492562363281248,0.14298248291015625,0
834.5772635936737,0.8129951354980468,0.0,17.51105876220703,0.12772369384765625,0
834.582258939743,0.8112708923339843,0.0,17.39083216918945,0.13535308837890625,0
834.5872619152069,0.8123054382324219,0.0,17.622037155761717,0.14298248291015625,0
834.5922698974609,0.8002357360839844,0.0,17.609706223144528,0.10483551025390625,0
834.5981957912445,0.7650611755371094,0.0,17.396997635498046,0.12772369384765625,0
834.6122059822083,0.7771308776855469,0.0,17.42165950073242,0.14298248291015625,0
834.6436903476715,0.9012763854980468,0.0,17.535720627441403,0.13535308837890625,0
834.6622850894928,0.7998908874511719,-0.05999999999994543,17.449404099121093,0.12772369384765625,0
834.6662032604218,0.7943733093261719,0.10000000000002274,17.378501236572262,0.10483551025390625,0
834.6696631908417,0.7860969421386719,0.15999999999996817,17.847076676025388,0.12772369384765625,0
834.6741931438446,0.7360938903808594,0.0,17.514141495361326,0.14298248291015625,0
834.6777331829071,0.7136787292480469,0.0,17.492562363281248,0.13535308837890625,0
834.6826643943787,0.7095405456542968,0.10000000000002274,17.344591171875,0.13535308837890625,0
834.687747001648,0.7212653991699218,0.08000000000004093,17.504893295898437,0.14298248291015625,0
834.6925296783447,0.8243751403808594,0.08000000000004093,17.58196162475586,0.12772369384765625,0
834.6972770690918,0.9640388366699219,0.03999999999996362,17.418576767578124,0.12009429931640625,0
834.7017765045166,1.0009376403808592,-0.03999999999996362,17.705270950927734,0.13535308837890625,0
834.7072432041168,0.8867927429199218,0.08000000000004093,17.523389694824218,0.10483551025390625,0
834.7283041477203,0.7071266052246094,0.20000000000004547,17.50797602905273,0.14298248291015625,0
834.7552947998047,0.7888557312011718,0.17999999999994998,17.51105876220703,0.13535308837890625,0
834.768313407898,0.7385078308105468,0.15999999999996817,18.041288864746093,0.10483551025390625,0
834.7727198600769,0.7429908630371094,0.10000000000002274,17.554217026367187,0.13535308837890625,0
834.7777259349823,0.7440254089355468,-0.01999999999998181,17.532637894287106,0.12772369384765625,0
834.783203125,0.6629859802246093,-0.01999999999998181,17.384666702880857,0.10483551025390625,0
834.7872087955475,0.6553993103027344,0.12000000000000455,17.840911209716793,0.13535308837890625,0
834.7923092842102,0.6557441589355468,0.05999999999994543,17.671360886230467,0.12772369384765625,0
834.797089099884,0.5912574645996094,0.03999999999996362,17.47098323120117,0.12009429931640625,0
834.8022758960724,0.5484962341308594,0.01999999999998181,18.09369532836914,0.12772369384765625,0
834.8064134120941,0.5150459167480469,0.0,17.566547958984373,0.10483551025390625,0
834.8114213943481,0.49435499877929684,0.0,17.50181056274414,0.13535308837890625,0
834.8324866294861,0.6629859802246093,0.10000000000002274,17.369253037109374,0.10483551025390625,0
834.865261554718,0.41055678100585935,0.05999999999994543,17.474065964355468,0.12009429931640625,0
834.8724613189697,0.5284950134277344,0.0,17.585044357910153,0.12009429931640625,0
834.8764958381653,0.5850501892089843,-0.05999999999994543,17.612788956298825,0.12009429931640625,0
834.8831701278687,0.6909187194824219,0.03999999999996362,17.396997635498046,0.12772369384765625,0
834.8881855010986,0.6295356628417969,0.03999999999996362,17.58812709106445,0.10483551025390625,0
834.8931794166565,0.6426399108886719,0.01999999999998181,17.671360886230467,0.12772369384765625,0
834.898184299469,0.6319496032714843,-0.13999999999998636,17.483314163818356,0.12772369384765625,0
834.9022014141083,0.6488471862792968,0.01999999999998181,18.226252854003903,0.09720611572265625,0
834.9077379703522,0.6274665710449219,0.01999999999998181,17.652864487304686,0.10483551025390625,0
834.9131865501404,0.6143623229980468,0.0,17.51105876220703,0.12009429931640625,0
834.9166147708893,0.6181556579589843,0.0,17.366170303955077,0.10483551025390625,0
834.922575712204,0.5798774597167968,0.0,17.58812709106445,0.12009429931640625,0
834.9266111850739,0.6050514099121094,0.0,17.609706223144528,0.10483551025390625,0
834.9411866664886,0.7616126892089844,0.0,17.597375290527342,0.12772369384765625,0
834.9712042808533,0.5660835144042968,-0.01999999999998181,17.6374508215332,0.13535308837890625,0
834.9891893863678,0.6743659851074219,0.05999999999994543,17.548051560058592,0.12772369384765625,0
834.9931917190552,0.7695442077636718,0.01999999999998181,17.63128535522461,0.10483551025390625,0
834.9972724914551,0.8764472839355468,0.01999999999998181,17.47098323120117,0.12009429931640625,0
835.0022699832916,0.8188575622558594,0.05999999999994543,18.05361979736328,0.09720611572265625,0
835.008154630661,0.7750617858886718,0.05999999999994543,17.6374508215332,0.12772369384765625,0
835.0132255554199,0.7936836120605468,0.13999999999998636,17.492562363281248,0.12772369384765625,0
835.0172080993652,0.7736823913574219,-0.03999999999996362,17.36308757080078,0.12772369384765625,0
835.0222647190094,0.7460945007324219,0.10000000000002274,17.572713425292967,0.12009429931640625,0
835.0276548862457,0.7254035827636719,0.10000000000002274,17.566547958984373,0.14298248291015625,0
835.0326676368713,0.6767799255371093,-0.10000000000002274,17.41241130126953,0.12009429931640625,0
835.0462656021118,0.5257362243652344,0.01999999999998181,17.514141495361326,0.12009429931640625,0
835.0755944252014,0.7716132995605468,0.01999999999998181,17.665195419921872,0.12009429931640625,0
835.0936086177826,0.7240241882324219,-0.05999999999994543,17.597375290527342,0.12772369384765625,0
835.0981771945953,0.7591987487792968,0.05999999999994543,17.47098323120117,0.10483551025390625,0
835.1030931472778,0.7829933044433594,-0.03999999999996362,18.28790751708984,0.10483551025390625,0
835.1081824302673,0.7626472351074218,-0.03999999999996362,17.64978175415039,0.10483551025390625,0
835.1121883392334,0.7595435974121093,-0.05999999999994543,17.523389694824218,0.14298248291015625,0
835.116598367691,0.7795448181152344,-0.05999999999994543,17.37233577026367,0.12772369384765625,0
835.1232154369354,0.7702339050292969,-0.08000000000004093,17.58196162475586,0.09720611572265625,0
835.1266922950745,0.7460945007324219,0.08000000000004093,17.625119888916014,0.10483551025390625,0
835.1326596736908,0.7598884460449219,-0.08000000000004093,17.41241130126953,0.09720611572265625,0
835.1378042697906,0.7702339050292969,0.08000000000004093,17.591209824218748,0.12772369384765625,0
835.1431782245636,0.8374793884277344,0.08000000000004093,17.662112686767575,0.10483551025390625,0
835.1561915874481,0.9650733825683593,0.05999999999994543,17.566547958984373,0.10483551025390625,0
835.1866149902344,0.6522956726074218,0.01999999999998181,17.911814072265624,0.12772369384765625,0
835.2051906585693,0.8147193786621093,-0.05999999999994543,17.554217026367187,0.12772369384765625,0
835.2091989517212,0.7964424011230469,0.12000000000000455,17.66827815307617,0.12009429931640625,0
835.2141880989075,0.7533363220214844,0.22000000000002728,17.464817764892576,0.10483551025390625,0
835.2176742553711,0.7209205505371094,0.22000000000002728,17.396997635498046,0.12009429931640625,0
835.2230923175812,0.5884986755371093,-0.01999999999998181,17.575796158447265,0.10483551025390625,0
835.2274105548859,0.6129829284667968,0.10000000000002274,17.554217026367187,0.12009429931640625,0
835.2316267490387,0.6305702087402344,0.05999999999994543,17.45248683227539,0.10483551025390625,0
835.2381818294525,0.6278114196777344,0.05999999999994543,17.575796158447265,0.12772369384765625,0
835.2423117160797,0.5433235046386719,0.01999999999998181,17.692940018310544,0.13535308837890625,0
835.247300863266,0.5864295837402344,-0.01999999999998181,17.47098323120117,0.12009429931640625,0
835.2516105175018,0.7685096618652344,0.12000000000000455,17.652864487304686,0.12772369384765625,0
835.2576506137848,0.8836891052246093,-0.08000000000004093,17.63128535522461,0.10483551025390625,0
835.2716624736786,0.7636817810058594,0.01999999999998181,17.560382492675778,0.14298248291015625,0
835.3041982650757,0.6267768737792968,0.01999999999998181,17.813166611328125,0.10483551025390625,0
835.3217101097107,0.7222999450683594,0.08000000000004093,17.548051560058592,0.12772369384765625,0
835.3262121677399,0.8561012145996093,0.05999999999994543,17.646699020996092,0.12009429931640625,0
835.3302617073059,0.9302436706542968,-0.03999999999996362,17.46173503173828,0.12009429931640625,0
835.3336355686188,0.9485206481933594,0.08000000000004093,17.33226023925781,0.12772369384765625,0
835.3386356830597,0.8774818298339844,0.08000000000004093,17.535720627441403,0.12009429931640625,0
835.3430871963501,0.8888618347167968,0.03999999999996362,17.622037155761717,0.14298248291015625,0
835.3481805324554,0.9040351745605468,0.03999999999996362,17.4432386328125,0.12772369384765625,0
835.3516376018524,0.9016212341308594,0.03999999999996362,17.853242142333983,0.12772369384765625,0
835.3566632270813,0.8774818298339844,0.03999999999996362,17.563465225830075,0.14298248291015625,0
835.3626759052277,0.9036903259277344,0.03999999999996362,17.464817764892576,0.13535308837890625,0
835.3761746883392,0.9074836608886718,0.03999999999996362,17.662112686767575,0.12772369384765625,0
835.4087340831757,0.9081733581542968,-0.12000000000000455,17.665195419921872,0.10483551025390625,0
835.4275710582733,0.9036903259277344,0.01999999999998181,17.544968826904295,0.12772369384765625,0
835.43266248703,0.8867927429199218,0.01999999999998181,17.39083216918945,0.12772369384765625,0
835.437680721283,0.8964485046386719,0.01999999999998181,17.58812709106445,0.12772369384765625,0
835.4426908493042,0.8933448669433594,0.01999999999998181,17.63128535522461,0.12772369384765625,0
835.4479129314423,0.8981727478027344,0.01999999999998181,17.446321365966796,0.12772369384765625,0
835.4532124996185,0.8919654724121093,0.01999999999998181,18.503698837890624,0.12772369384765625,0
835.4567239284515,0.9085182067871094,0.01999999999998181,17.560382492675778,0.12772369384765625,0
835.4622087478638,0.9009315368652343,0.01999999999998181,17.48947963012695,0.12009429931640625,0
835.4679365158081,0.8943794128417968,0.01999999999998181,17.36308757080078,0.12772369384765625,0
835.4819586277008,0.8864478942871094,0.01999999999998181,17.4432386328125,0.12009429931640625,0
835.5131728649139,0.9005866882324218,0.01999999999998181,17.48023143066406,0.12009429931640625,0
835.531188249588,0.8950691101074219,0.01999999999998181,17.45865229858398,0.13535308837890625,0
835.5351719856262,0.8957588073730468,0.01999999999998181,17.38158396972656,0.10483551025390625,0
835.539181470871,0.9057594177246093,0.01999999999998181,17.532637894287106,0.12009429931640625,0
835.5432152748108,0.9019660827636719,0.01999999999998181,17.634368088378903,0.12009429931640625,0
835.5481786727905,0.8919654724121093,0.01999999999998181,17.45248683227539,0.13535308837890625,0
835.5530292987823,0.9057594177246093,0.01999999999998181,18.226252854003903,0.13535308837890625,0
835.5581288337708,0.8943794128417968,-0.13999999999998636,17.56963069213867,0.12772369384765625,0
835.5631213188171,0.9150703308105468,0.01999999999998181,17.47098323120117,0.12772369384765625,0
835.568118095398,0.8950691101074219,0.01999999999998181,17.350756638183594,0.12772369384765625,0
835.5725874900818,0.9033454772949219,0.01999999999998181,17.541886093749998,0.13535308837890625,0
835.5768072605133,0.9026557800292968,0.01999999999998181,17.606623489990234,0.12772369384765625,0
835.5815188884735,0.8957588073730468,-0.12000000000000455,17.433990433349607,0.13535308837890625,0
835.6035490036011,0.8757575866699219,-0.12000000000000455,17.8378284765625,0.12009429931640625,0
835.6305298805237,0.8964485046386719,0.01999999999998181,17.464817764892576,0.12009429931640625,0
835.6446180343628,0.8898963806152344,-0.12000000000000455,17.532637894287106,0.12772369384765625,0
835.6491737365723,0.9254157897949218,-0.13999999999998636,17.433990433349607,0.13535308837890625,0
835.6531767845154,0.8847236511230469,-0.13999999999998636,18.213921921386717,0.10483551025390625,0
835.6581630706787,0.9026557800292968,-0.13999999999998636,17.594292557373045,0.12772369384765625,0
835.6631712913513,0.8778266784667969,-0.13999999999998636,17.48023143066406,0.12009429931640625,0
835.6676161289215,0.9026557800292968,-0.13999999999998636,17.37233577026367,0.12772369384765625,0
835.6722550392151,0.8878272888183594,0.01999999999998181,17.560382492675778,0.12772369384765625,0
835.67711186409,0.9016212341308594,0.01999999999998181,17.591209824218748,0.12009429931640625,0
835.6826066970825,0.8843788024902344,0.01999999999998181,17.42165950073242,0.13535308837890625,0
835.6875951290131,0.9054145690917969,0.01999999999998181,17.603540756835937,0.12009429931640625,0
835.7170836925507,0.9036903259277344,0.01999999999998181,17.33226023925781,0.12772369384765625,0
835.774167060852,0.8916206237792969,0.01999999999998181,17.563465225830075,0.12772369384765625,0
835.7991693019867,0.8892066833496093,0.01999999999998181,17.4432386328125,0.12772369384765625,0
835.8171763420105,0.8933448669433594,0.01999999999998181,17.350756638183594,0.12772369384765625,0
835.8541855812073,0.9030006286621093,-0.13999999999998636,17.917979538574215,0.12009429931640625,0
835.8713467121124,0.9119666931152344,0.01999999999998181,17.548051560058592,0.13535308837890625,0
835.8760640621185,0.8888618347167968,0.01999999999998181,17.655947220458984,0.12009429931640625,0
835.8811929225922,0.8967933532714844,0.01999999999998181,17.45865229858398,0.14298248291015625,0
835.8861925601959,0.9064491149902343,0.01999999999998181,18.124522659912106,0.12772369384765625,0
835.8901653289795,0.8985175964355469,0.01999999999998181,17.548051560058592,0.09720611572265625,0
835.8931677341461,0.9126563903808593,-0.12000000000000455,17.64978175415039,0.12772369384765625,0
835.8981642723083,0.8943794128417968,-0.12000000000000455,17.446321365966796,0.13535308837890625,0
835.903214931488,0.9371406433105468,-0.12000000000000455,18.204673721923825,0.12772369384765625,0
835.906628370285,0.8992072937011718,0.01999999999998181,17.544968826904295,0.12009429931640625,0
835.9366760253906,0.9071388122558594,-0.12000000000000455,18.40813411010742,0.12009429931640625,0
835.9927656650543,0.8985175964355469,0.03999999999996362,17.646699020996092,0.12009429931640625,0
836.0108606815338,0.9019660827636719,0.01999999999998181,17.58196162475586,0.12009429931640625,0
836.0149517059326,0.8926551696777343,-0.13999999999998636,17.446321365966796,0.10483551025390625,0
836.0189499855042,0.9061042663574218,0.01999999999998181,17.72685008300781,0.09720611572265625,0
836.0331590175629,0.8750678894042968,0.01999999999998181,17.42165950073242,0.12772369384765625,0
836.0638725757599,0.9009315368652343,0.01999999999998181,17.46173503173828,0.10483551025390625,0
836.0821704864502,0.8933448669433594,0.03999999999996362,17.449404099121093,0.10483551025390625,0
836.0861928462982,0.8961036560058593,-0.12000000000000455,17.89331767333984,0.10483551025390625,0
836.0901954174042,0.8936897155761718,-0.13999999999998636,17.563465225830075,0.12009429931640625,0
836.0941984653473,0.9050697204589844,-0.13999999999998636,17.58812709106445,0.12772369384765625,0
836.0972001552582,0.8923103210449218,-0.13999999999998636,17.474065964355468,0.12009429931640625,0
836.1022033691406,0.9019660827636719,-0.13999999999998636,17.396997635498046,0.12772369384765625,0
836.1072478294373,0.8926551696777343,0.01999999999998181,17.554217026367187,0.12009429931640625,0
836.1122155189514,0.8961036560058593,0.01999999999998181,17.52030696166992,0.13535308837890625,0
836.1171569824219,0.9171394226074219,-0.12000000000000455,17.350756638183594,0.10483551025390625,0
836.1231520175934,0.9016212341308594,-0.12000000000000455,17.544968826904295,0.12772369384765625,0
836.1281599998474,0.8957588073730468,0.01999999999998181,17.548051560058592,0.13535308837890625,0
836.1451663970947,0.9030006286621093,0.01999999999998181,17.535720627441403,0.12009429931640625,0
836.2151696681976,0.9030006286621093,0.01999999999998181,17.449404099121093,0.12772369384765625,0
836.2421722412109,0.9036903259277344,-0.13999999999998636,17.646699020996092,0.12009429931640625,0
836.2631893157959,0.8961036560058593,-0.12000000000000455,17.474065964355468,0.12772369384765625,0
836.3207139968872,0.9130012390136718,0.01999999999998181,17.871738541259763,0.12772369384765625,0
836.3391602039337,0.9161048767089843,-0.12000000000000455,17.560382492675778,0.12772369384765625,0
836.3431630134583,0.8829994079589844,0.01999999999998181,17.652864487304686,0.10483551025390625,0
836.3482582569122,0.8992072937011718,0.01999999999998181,17.45865229858398,0.12772369384765625,0
836.3602583408356,0.8933448669433594,0.01999999999998181,17.566547958984373,0.12009429931640625,0
836.3913674354553,0.8950691101074219,0.01999999999998181,17.6374508215332,0.10483551025390625,0
836.4093751907349,0.9054145690917969,0.01999999999998181,17.646699020996092,0.12009429931640625,0
836.4131555557251,0.9002418395996094,-0.13999999999998636,17.486396896972654,0.10483551025390625,0
836.4173579216003,0.8936897155761718,0.01999999999998181,17.350756638183594,0.12772369384765625,0
836.4213824272156,0.9092079040527343,0.01999999999998181,17.548051560058592,0.12009429931640625,0
836.426412820816,0.8864478942871094,0.01999999999998181,17.622037155761717,0.12009429931640625,0
836.431720495224,0.9002418395996094,0.01999999999998181,17.446321365966796,0.12009429931640625,0
836.4372444152832,0.8892066833496093,-0.13999999999998636,18.087529862060546,0.10483551025390625,0
836.4423880577087,0.8978278991699218,0.01999999999998181,17.662112686767575,0.12772369384765625,0
836.4472184181213,0.8961036560058593,0.01999999999998181,17.464817764892576,0.10483551025390625,0
836.4514045715332,0.8843788024902344,-0.13999999999998636,17.39083216918945,0.12772369384765625,0
836.4734129905701,0.8905860778808593,0.01999999999998181,17.563465225830075,0.13535308837890625,0
836.5015125274658,0.8912757751464844,0.01999999999998181,17.384666702880857,0.12009429931640625,0
836.5145599842072,0.9030006286621093,0.01999999999998181,17.45865229858398,0.13535308837890625,0
836.5175642967224,0.8843788024902344,0.01999999999998181,17.356922104492185,0.12772369384765625,0
836.5215277671814,0.8985175964355469,0.0,17.566547958984373,0.12772369384765625,0
836.5264632701874,0.8912757751464844,0.0,17.622037155761717,0.13535308837890625,0
836.5321984291077,0.9050697204589844,0.01999999999998181,17.446321365966796,0.14298248291015625,0
836.5365488529205,0.8888618347167968,0.01999999999998181,18.48520243896484,0.12009429931640625,0
836.541515827179,0.9095527526855468,0.01999999999998181,17.634368088378903,0.10483551025390625,0
836.5481224060059,0.8985175964355469,0.01999999999998181,17.449404099121093,0.12009429931640625,0
836.5532119274139,0.9102424499511719,0.01999999999998181,18.346479447021483,0.12009429931640625,0
836.5572113990784,0.8892066833496093,0.01999999999998181,17.563465225830075,0.12009429931640625,0
836.5622520446777,0.8919654724121093,0.01999999999998181,17.529555161132812,0.12772369384765625,0
836.585257768631,0.8978278991699218,-0.13999999999998636,17.369253037109374,0.12772369384765625,0
836.6122546195984,0.8926551696777343,0.01999999999998181,17.52030696166992,0.12772369384765625,0
836.625120639801,0.9081733581542968,0.01999999999998181,17.58196162475586,0.12772369384765625,0
836.6284940242767,0.8888618347167968,0.0,17.504893295898437,0.13535308837890625,0
836.633189201355,0.8985175964355469,-0.13999999999998636,17.43090770019531,0.13535308837890625,0
836.6381826400757,0.9033454772949219,-0.13999999999998636,17.736098282470703,0.13535308837890625,0
836.6432061195374,0.9030006286621093,0.01999999999998181,17.655947220458984,0.10483551025390625,0
836.6472086906433,0.9016212341308594,0.01999999999998181,17.464817764892576,0.12009429931640625,0
836.6522119045258,0.8926551696777343,0.01999999999998181,17.384666702880857,0.12009429931640625,0
836.6562139987946,0.9050697204589844,-0.13999999999998636,17.55113429321289,0.12009429931640625,0
836.662034034729,0.8878272888183594,0.01999999999998181,17.52030696166992,0.13535308837890625,0
836.6681959629059,0.8988624450683593,0.01999999999998181,17.344591171875,0.12009429931640625,0
836.6732015609741,0.9154151794433594,0.01999999999998181,17.544968826904295,0.12772369384765625,0
836.6772105693817,0.9074836608886718,0.01999999999998181,17.612788956298825,0.12772369384765625,0
836.6992256641388,0.8798957702636718,-0.13999999999998636,17.433990433349607,0.13535308837890625,0
836.7262830734253,0.8871375915527343,0.01999999999998181,17.665195419921872,0.12009429931640625,0
836.7402584552765,0.9074836608886718,0.01999999999998181,17.548051560058592,0.12772369384765625,0
836.744188785553,0.8961036560058593,-0.13999999999998636,17.603540756835937,0.10483551025390625,0
836.7481682300568,0.9002418395996094,0.0,17.45248683227539,0.12009429931640625,0
836.7532289028168,0.8995521423339843,0.0,18.041288864746093,0.12772369384765625,0
836.7572546005249,0.9074836608886718,-0.13999999999998636,17.560382492675778,0.12772369384765625,0
836.7622539997101,0.8933448669433594,0.01999999999998181,17.529555161132812,0.14298248291015625,0
836.7691731452942,0.8926551696777343,0.01999999999998181,17.603540756835937,0.12772369384765625,0
836.774258852005,0.8985175964355469,0.01999999999998181,17.560382492675778,0.12009429931640625,0
836.7772612571716,0.8961036560058593,0.01999999999998181,17.566547958984373,0.09720611572265625,0
836.7822642326355,0.8940345642089843,0.01999999999998181,17.45865229858398,0.12009429931640625,0
836.8092834949493,0.8864478942871094,0.01999999999998181,17.655947220458984,0.12772369384765625,0
836.8703327178955,0.9085182067871094,0.01999999999998181,17.868655808105466,0.10483551025390625,0
836.8951528072357,0.8950691101074219,0.01999999999998181,17.554217026367187,0.12772369384765625,0
836.9124794006348,0.8967933532714844,0.01999999999998181,17.486396896972654,0.09720611572265625,0
836.9585094451904,0.8940345642089843,-0.13999999999998636,17.655947220458984,0.12772369384765625,0
836.9714260101318,0.8961036560058593,0.01999999999998181,17.58196162475586,0.13535308837890625,0
836.9771497249603,0.9016212341308594,0.01999999999998181,17.62820262207031,0.12772369384765625,0
836.9825301170349,0.9150703308105468,-0.13999999999998636,17.433990433349607,0.12772369384765625,0
836.9865221977234,0.8923103210449218,0.01999999999998181,18.40505137695312,0.12772369384765625,0
836.9915962219238,0.9116218444824218,0.01999999999998181,17.615871689453122,0.12009429931640625,0
836.9965944290161,0.9092079040527343,0.01999999999998181,17.467900498046873,0.14298248291015625,0
837.0019528865814,0.8988624450683593,0.01999999999998181,17.369253037109374,0.10483551025390625,0
837.0235393047333,0.8926551696777343,0.01999999999998181,17.560382492675778,0.12009429931640625,0
837.0505683422089,0.8888618347167968,0.01999999999998181,17.344591171875,0.09720611572265625,0
837.0651886463165,0.9098976013183593,0.0,17.45248683227539,0.14298248291015625,0
837.0685803890228,0.8878272888183594,-0.13999999999998636,17.403163101806637,0.12772369384765625,0
837.0735898017883,0.9030006286621093,-0.13999999999998636,17.563465225830075,0.13535308837890625,0
837.077573299408,0.8857581970214843,0.01999999999998181,17.56963069213867,0.12009429931640625,0
837.0831880569458,0.8978278991699218,-0.13999999999998636,17.4401558996582,0.12009429931640625,0
837.0875463485718,0.9050697204589844,0.01999999999998181,17.79467021240234,0.13535308837890625,0
837.0915379524231,0.8933448669433594,0.01999999999998181,17.62820262207031,0.13535308837890625,0
837.0972135066986,0.9005866882324218,0.01999999999998181,17.483314163818356,0.12009429931640625,0
837.1025748252869,0.8950691101074219,0.01999999999998181,18.38655497802734,0.12009429931640625,0
837.1066040992737,0.9016212341308594,0.01999999999998181,17.560382492675778,0.12772369384765625,0
837.1126146316528,0.8957588073730468,0.01999999999998181,17.48947963012695,0.14298248291015625,0
837.1256399154663,0.8940345642089843,-0.13999999999998636,17.671360886230467,0.12772369384765625,0
837.1576519012451,0.9119666931152344,0.01999999999998181,17.560382492675778,0.12009429931640625,0
837.1756689548492,0.9064491149902343,-0.13999999999998636,17.674443619384764,0.12772369384765625,0
837.1798496246338,0.8936897155761718,0.01999999999998181,17.47098323120117,0.12009429931640625,0
837.1838529109955,0.9009315368652343,0.01999999999998181,17.360004837646482,0.12772369384765625,0
837.1881639957428,0.8964485046386719,-0.13999999999998636,17.711436417236325,0.12009429931640625,0
837.1931970119476,0.9002418395996094,-0.13999999999998636,17.66827815307617,0.12772369384765625,0
837.196681022644,0.9085182067871094,0.01999999999998181,17.486396896972654,0.12772369384765625,0
837.2026927471161,0.8905860778808593,-0.12000000000000455,18.204673721923825,0.12009429931640625,0
837.2079932689667,0.9036903259277344,-0.13999999999998636,17.563465225830075,0.12009429931640625,0
837.2131643295288,0.8961036560058593,-0.13999999999998636,17.48947963012695,0.12772369384765625,0
837.2166895866394,0.9040351745605468,-0.13999999999998636,17.403163101806637,0.12772369384765625,0
837.231288433075,0.8992072937011718,0.01999999999998181,17.46173503173828,0.12009429931640625,0
837.2616953849792,0.9071388122558594,0.01999999999998181,17.548051560058592,0.10483551025390625,0
837.2801549434662,0.8961036560058593,0.01999999999998181,17.483314163818356,0.12772369384765625,0
837.2841520309448,0.9002418395996094,0.01999999999998181,17.369253037109374,0.12772369384765625,0
837.2881631851196,0.8905860778808593,-0.12000000000000455,17.69602275146484,0.12772369384765625,0
837.2931072711945,0.8943794128417968,0.01999999999998181,17.66827815307617,0.10483551025390625,0
837.2967202663422,0.8905860778808593,0.01999999999998181,17.483314163818356,0.14298248291015625,0
837.3018498420715,0.9119666931152344,0.01999999999998181,17.378501236572262,0.12009429931640625,0
837.3080551624298,0.8971382019042968,0.01999999999998181,17.563465225830075,0.10483551025390625,0
837.3130655288696,0.9016212341308594,0.01999999999998181,17.48947963012695,0.12009429931640625,0
837.3178582191467,0.8940345642089843,0.01999999999998181,17.3415084387207,0.12009429931640625,0
837.3231043815613,0.9092079040527343,0.01999999999998181,17.548051560058592,0.09720611572265625,0
837.3278112411499,0.9019660827636719,0.01999999999998181,17.563465225830075,0.10483551025390625,0
837.3408257961273,0.8936897155761718,0.01999999999998181,17.563465225830075,0.12772369384765625,0
837.3718464374542,0.8871375915527343,0.01999999999998181,17.560382492675778,0.12772369384765625,0
837.390611410141,0.8957588073730468,0.01999999999998181,17.56963069213867,0.12772369384765625,0
837.3946166038513,0.9030006286621093,0.01999999999998181,17.56963069213867,0.10483551025390625,0
837.4040973186493,0.8995521423339843,0.01999999999998181,17.98271693481445,0.12009429931640625,0
837.4081001281738,0.9061042663574218,0.01999999999998181,17.566547958984373,0.12772369384765625,0
837.4131038188934,0.9092079040527343,0.01999999999998181,17.48023143066406,0.12772369384765625,0
837.4181091785431,0.8823097106933593,-0.12000000000000455,17.329177506103512,0.10483551025390625,0
837.4228677749634,0.9147254821777343,0.01999999999998181,17.544968826904295,0.12772369384765625,0
837.4278705120087,0.8964485046386719,0.01999999999998181,17.572713425292967,0.13535308837890625,0
837.4329888820648,0.8978278991699218,0.01999999999998181,17.4401558996582,0.12009429931640625,0
837.438161611557,0.8964485046386719,0.01999999999998181,17.689857285156247,0.12009429931640625,0
837.4601671695709,0.9123115417480469,-0.13999999999998636,17.655947220458984,0.12772369384765625,0
837.4870164394379,0.9285194274902343,-0.13999999999998636,17.939558670654296,0.10483551025390625,0
837.5011608600616,0.8902412292480468,-0.13999999999998636,17.338425705566404,0.10483551025390625,0
837.5051174163818,0.9026557800292968,0.01999999999998181,17.609706223144528,0.10483551025390625,0
837.5091655254364,0.9016212341308594,0.01999999999998181,17.634368088378903,0.10483551025390625,0
837.513167142868,0.8978278991699218,0.01999999999998181,17.492562363281248,0.12772369384765625,0
837.5181460380554,0.8988624450683593,0.01999999999998181,17.344591171875,0.12772369384765625,0
837.5231556892395,0.9123115417480469,-0.12000000000000455,17.544968826904295,0.10483551025390625,0
837.5281555652618,0.8847236511230469,0.01999999999998181,17.566547958984373,0.10483551025390625,0
837.5331590175629,0.9050697204589844,0.01999999999998181,17.449404099121093,0.12772369384765625,0
837.5381639003754,0.8867927429199218,0.01999999999998181,17.736098282470703,0.13535308837890625,0
837.5431635379791,0.9009315368652343,0.01999999999998181,17.671360886230467,0.12772369384765625,0
837.5471701622009,0.8978278991699218,0.01999999999998181,17.48023143066406,0.13535308837890625,0
837.5531709194183,0.8774818298339844,0.01999999999998181,18.096778061523434,0.12772369384765625,0
837.585193157196,0.8940345642089843,0.01999999999998181,17.369253037109374,0.14298248291015625,0
837.6522376537323,0.9002418395996094,0.01999999999998181,18.29099025024414,0.12772369384765625,0
837.6791644096375,0.9054145690917969,0.01999999999998181,17.529555161132812,0.12772369384765625,0
837.6981871128082,0.9150703308105468,0.01999999999998181,17.46173503173828,0.10483551025390625,0
837.7438778877258,0.8912757751464844,0.01999999999998181,17.622037155761717,0.12772369384765625,0
837.7581558227539,0.9036903259277344,0.01999999999998181,17.566547958984373,0.12772369384765625,0
837.7611527442932,0.8923103210449218,0.01999999999998181,17.615871689453122,0.13535308837890625,0
837.7650117874146,0.8926551696777343,0.01999999999998181,17.46173503173828,0.12772369384765625,0
837.7683207988739,0.9030006286621093,0.01999999999998181,17.384666702880857,0.14298248291015625,0
837.7813322544098,0.8871375915527343,0.01999999999998181,17.45248683227539,0.12009429931640625,0
837.8113479614258,0.8943794128417968,-0.13999999999998636,17.554217026367187,0.12772369384765625,0
837.8293583393097,0.8836891052246093,0.01999999999998181,17.48947963012695,0.13535308837890625,0
837.8323624134064,0.9109321472167968,0.01999999999998181,17.45865229858398,0.12772369384765625,0
837.8364388942719,0.8923103210449218,0.01999999999998181,18.22317012084961,0.12772369384765625,0
837.8415291309357,0.9005866882324218,0.01999999999998181,17.58196162475586,0.12772369384765625,0
837.8467190265656,0.9061042663574218,0.01999999999998181,17.48947963012695,0.12772369384765625,0
837.852379322052,0.8871375915527343,0.01999999999998181,17.896400406494138,0.12772369384765625,0
837.8570721149445,0.9071388122558594,0.01999999999998181,17.548051560058592,0.12772369384765625,0
837.8631732463837,0.9009315368652343,-0.13999999999998636,17.483314163818356,0.09720611572265625,0
837.8681719303131,0.8988624450683593,0.01999999999998181,17.344591171875,0.13535308837890625,0
837.8723878860474,0.9064491149902343,0.03999999999996362,17.55113429321289,0.12009429931640625,0
837.8764524459839,0.9009315368652343,0.03999999999996362,17.634368088378903,0.14298248291015625,0
837.9101455211639,0.8978278991699218,0.01999999999998181,17.655947220458984,0.10483551025390625,0
837.9571154117584,0.8919654724121093,0.01999999999998181,17.548051560058592,0.09720611572265625,0
837.9786052703857,0.9133460876464843,0.01999999999998181,17.535720627441403,0.10483551025390625,0
837.9826097488403,0.8905860778808593,-0.12000000000000455,17.4432386328125,0.12009429931640625,0
837.9865982532501,0.9212776062011718,-0.12000000000000455,17.933393204345702,0.12772369384765625,0
838.0076951980591,0.8967933532714844,-0.12000000000000455,17.560382492675778,0.12772369384765625,0
838.0401408672333,0.9123115417480469,0.01999999999998181,17.544968826904295,0.12009429931640625,0
838.0491456985474,0.9050697204589844,0.01999999999998181,17.45248683227539,0.10483551025390625,0
838.0531487464905,0.8805854675292968,0.01999999999998181,18.121439926757812,0.14298248291015625,0
838.0573313236237,0.9292091247558594,0.01999999999998181,17.560382492675778,0.12772369384765625,0
838.0613386631012,0.8898963806152344,-0.12000000000000455,17.566547958984373,0.10483551025390625,0
838.0680930614471,0.9185188171386718,0.01999999999998181,17.338425705566404,0.12772369384765625,0
838.0730912685394,0.9009315368652343,0.01999999999998181,17.548051560058592,0.10483551025390625,0
838.0777959823608,0.9040351745605468,0.03999999999996362,17.585044357910153,0.14298248291015625,0
838.0831446647644,0.9147254821777343,0.03999999999996362,17.433990433349607,0.12772369384765625,0
838.0882315635681,0.9119666931152344,0.01999999999998181,18.10294352783203,0.12772369384765625,0
838.0912628173828,0.9057594177246093,0.01999999999998181,17.56963069213867,0.12772369384765625,0
838.1201550960541,0.9109321472167968,-0.13999999999998636,18.207756455078123,0.12772369384765625,0
838.1771957874298,0.9061042663574218,0.01999999999998181,17.662112686767575,0.12009429931640625,0
838.1946105957031,0.8950691101074219,0.01999999999998181,17.566547958984373,0.13535308837890625,0
838.1981399059296,0.9026557800292968,0.03999999999996362,17.46173503173828,0.12009429931640625,0
838.2031471729279,0.9026557800292968,0.01999999999998181,17.840911209716793,0.12009429931640625,0
838.208153963089,0.9040351745605468,0.01999999999998181,17.560382492675778,0.12772369384765625,0
838.2291648387909,0.8957588073730468,0.01999999999998181,17.535720627441403,0.12772369384765625,0
838.2611925601959,0.8926551696777343,0.01999999999998181,17.603540756835937,0.12772369384765625,0
838.2701916694641,0.8950691101074219,0.01999999999998181,18.377306778564453,0.12009429931640625,0
838.2741577625275,0.8850684997558593,-0.13999999999998636,17.560382492675778,0.10483551025390625,0
838.278163433075,0.9026557800292968,0.01999999999998181,17.58812709106445,0.12772369384765625,0
838.2831728458405,0.8923103210449218,0.01999999999998181,17.449404099121093,0.12772369384765625,0
838.288158416748,0.8936897155761718,-0.13999999999998636,18.118357193603515,0.10483551025390625,0
838.2931573390961,0.8933448669433594,-0.13999999999998636,17.665195419921872,0.14298248291015625,0
838.2981579303741,0.9109321472167968,-0.13999999999998636,17.48023143066406,0.12009429931640625,0
838.303147315979,0.8947242614746094,-0.13999999999998636,17.911814072265624,0.10483551025390625,0
838.3082118034363,0.8878272888183594,-0.13999999999998636,17.566547958984373,0.13535308837890625,0
838.3121688365936,0.9026557800292968,-0.12000000000000455,17.56963069213867,0.12009429931640625,0
838.3173062801361,0.8874824401855468,0.03999999999996362,17.3415084387207,0.12009429931640625,0
838.3332033157349,0.8809303161621094,0.03999999999996362,17.45248683227539,0.12772369384765625,0
838.3671548366547,0.8895515319824219,0.03999999999996362,17.427824967041015,0.09720611572265625,0
838.3851625919342,0.8926551696777343,0.01999999999998181,17.347673905029296,0.09720611572265625,0
838.3882451057434,0.9030006286621093,0.01999999999998181,17.572713425292967,0.13535308837890625,0
838.3922476768494,0.8898963806152344,0.01999999999998181,17.662112686767575,0.10483551025390625,0
838.3963904380798,0.9140357849121094,0.01999999999998181,17.48023143066406,0.10483551025390625,0
838.4013702869415,0.8857581970214843,0.01999999999998181,17.36308757080078,0.12009429931640625,0
838.406373500824,0.9064491149902343,0.01999999999998181,17.544968826904295,0.10483551025390625,0
838.4113709926605,0.8971382019042968,0.01999999999998181,17.560382492675778,0.12772369384765625,0
838.4170649051666,0.9030006286621093,0.01999999999998181,17.43090770019531,0.12772369384765625,0
838.4231443405151,0.8967933532714844,0.01999999999998181,17.554217026367187,0.10483551025390625,0
838.4451551437378,0.9085182067871094,0.01999999999998181,17.563465225830075,0.12772369384765625,0
838.4725573062897,0.8961036560058593,0.01999999999998181,17.55113429321289,0.12009429931640625,0
838.4865701198578,0.9040351745605468,0.01999999999998181,17.9364759375,0.12009429931640625,0
838.4901854991913,0.9002418395996094,0.01999999999998181,17.55113429321289,0.12009429931640625,0
838.4935462474823,0.8940345642089843,0.01999999999998181,17.646699020996092,0.12772369384765625,0
838.4981760978699,0.9109321472167968,0.01999999999998181,17.474065964355468,0.12009429931640625,0
838.5024445056915,0.8961036560058593,-0.12000000000000455,17.560382492675778,0.12772369384765625,0
838.5072224140167,0.9133460876464843,-0.12000000000000455,17.563465225830075,0.12009429931640625,0
838.5114932060242,0.8919654724121093,-0.13999999999998636,17.563465225830075,0.12009429931640625,0
838.5170617103577,0.8888618347167968,-0.13999999999998636,17.4432386328125,0.10483551025390625,0
838.5226066112518,0.9092079040527343,0.01999999999998181,17.548051560058592,0.10483551025390625,0
838.5280771255493,0.8798957702636718,0.01999999999998181,17.58196162475586,0.12009429931640625,0
838.5330827236176,0.9150703308105468,0.01999999999998181,17.446321365966796,0.09720611572265625,0
838.5471708774567,0.8933448669433594,0.01999999999998181,17.48023143066406,0.10483551025390625,0
838.5786454677582,0.9188636657714844,0.01999999999998181,17.55113429321289,0.09720611572265625,0
838.5981690883636,0.9026557800292968,-0.12000000000000455,17.464817764892576,0.12009429931640625,0
838.6031768321991,0.9064491149902343,-0.12000000000000455,17.529555161132812,0.13535308837890625,0
838.607551574707,0.8936897155761718,0.01999999999998181,17.566547958984373,0.12772369384765625,0
838.6115553379059,0.9061042663574218,-0.13999999999998636,17.563465225830075,0.13535308837890625,0
838.6176435947418,0.8985175964355469,0.01999999999998181,17.344591171875,0.14298248291015625,0
838.6231513023376,0.9081733581542968,0.01999999999998181,17.541886093749998,0.12772369384765625,0
838.6281971931458,0.8919654724121093,0.01999999999998181,17.58812709106445,0.10483551025390625,0
838.632199048996,0.8985175964355469,0.01999999999998181,17.464817764892576,0.10483551025390625,0
838.6371743679047,0.8992072937011718,0.01999999999998181,18.041288864746093,0.10483551025390625,0
838.6422021389008,0.9092079040527343,0.01999999999998181,17.56963069213867,0.10483551025390625,0
838.6682198047638,0.9054145690917969,0.01999999999998181,17.344591171875,0.14298248291015625,0
838.7271499633789,0.8812751647949219,0.01999999999998181,17.662112686767575,0.12009429931640625,0
838.7491672039032,0.8833442565917968,0.01999999999998181,17.464817764892576,0.12772369384765625,0
838.7531497478485,0.8892066833496093,0.01999999999998181,17.55113429321289,0.12772369384765625,0
838.7801752090454,0.8874824401855468,0.01999999999998181,17.492562363281248,0.10483551025390625,0
838.8144896030426,0.8936897155761718,0.01999999999998181,17.464817764892576,0.14298248291015625,0
838.8305034637451,0.9030006286621093,0.01999999999998181,17.48023143066406,0.14298248291015625,0
838.8335082530975,0.8847236511230469,-0.12000000000000455,17.433990433349607,0.12772369384765625,0
838.8365075588226,0.8992072937011718,-0.12000000000000455,18.26016291870117,0.10483551025390625,0
838.8421332836151,0.8857581970214843,0.01999999999998181,17.56963069213867,0.09720611572265625,0
838.8465070724487,0.9002418395996094,0.01999999999998181,17.48947963012695,0.12772369384765625,0
838.85151720047,0.8950691101074219,0.01999999999998181,17.344591171875,0.12009429931640625,0
838.8571977615356,0.8940345642089843,0.01999999999998181,17.560382492675778,0.09720611572265625,0
838.8615703582764,0.9005866882324218,0.01999999999998181,17.58196162475586,0.14298248291015625,0
838.888589143753,0.9054145690917969,0.01999999999998181,17.603540756835937,0.12772369384765625,0
838.923647403717,0.8802406188964843,0.01999999999998181,17.55113429321289,0.14298248291015625,0
838.9411325454712,0.8923103210449218,0.01999999999998181,17.563465225830075,0.12772369384765625,0
838.9433860778809,0.9154151794433594,0.01999999999998181,17.6374508215332,0.10483551025390625,0
838.946671962738,0.9081733581542968,0.01999999999998181,17.486396896972654,0.12009429931640625,0
838.9516751766205,0.8864478942871094,0.01999999999998181,17.344591171875,0.12772369384765625,0
838.9571328163147,0.8985175964355469,-0.13999999999998636,17.55113429321289,0.12009429931640625,0
838.9613826274872,0.8871375915527343,0.01999999999998181,17.575796158447265,0.13535308837890625,0
838.966456413269,0.8978278991699218,0.01999999999998181,17.446321365966796,0.12009429931640625,0
838.9834704399109,0.9033454772949219,0.01999999999998181,17.433990433349607,0.12009429931640625,0
839.0245115756989,0.9009315368652343,0.01999999999998181,17.563465225830075,0.10483551025390625,0
839.0481402873993,0.8778266784667969,-0.13999999999998636,17.47098323120117,0.12772369384765625,0
839.0531492233276,0.8902412292480468,-0.12000000000000455,17.46173503173828,0.12772369384765625,0
839.0591740608215,0.8902412292480468,0.01999999999998181,17.585044357910153,0.12772369384765625,0
839.063154220581,0.9050697204589844,0.01999999999998181,17.51105876220703,0.13535308837890625,0
839.0681579113007,0.8943794128417968,0.01999999999998181,17.356922104492185,0.12772369384765625,0
839.073175907135,0.8992072937011718,0.01999999999998181,17.560382492675778,0.10483551025390625,0
839.0787949562073,0.9098976013183593,0.01999999999998181,17.55113429321289,0.12009429931640625,0
839.0968728065491,0.8964485046386719,0.01999999999998181,17.48947963012695,0.12009429931640625,0
839.1368987560272,0.9033454772949219,0.01999999999998181,18.22317012084961,0.12772369384765625,0
839.1549043655396,0.8967933532714844,0.01999999999998181,18.02279246582031,0.14298248291015625,0
839.1591281890869,0.8981727478027344,0.01999999999998181,17.58196162475586,0.12009429931640625,0
839.1629374027252,0.9016212341308594,0.01999999999998181,17.51105876220703,0.12772369384765625,0
839.1679406166077,0.9033454772949219,0.01999999999998181,17.356922104492185,0.10483551025390625,0
839.1729416847229,0.9047248718261718,0.01999999999998181,17.554217026367187,0.14298248291015625,0
839.1780958175659,0.9074836608886718,0.01999999999998181,17.609706223144528,0.12772369384765625,0
839.1830892562866,0.8985175964355469,0.01999999999998181,17.4432386328125,0.12772369384765625,0
839.1878635883331,0.8943794128417968,0.01999999999998181,18.451292374267577,0.12772369384765625,0
839.1929230690002,0.9074836608886718,0.01999999999998181,17.64978175415039,0.12772369384765625,0
839.2312002182007,0.8992072937011718,0.01999999999998181,17.48023143066406,0.12009429931640625,0
839.2661740779877,0.8950691101074219,0.01999999999998181,17.449404099121093,0.13535308837890625,0
839.2829999923706,0.9009315368652343,0.01999999999998181,17.4432386328125,0.10483551025390625,0
839.2870080471039,0.9092079040527343,0.01999999999998181,18.09369532836914,0.12772369384765625,0
839.2901911735535,0.9002418395996094,0.01999999999998181,17.563465225830075,0.12009429931640625,0
839.2934250831604,0.8961036560058593,-0.13999999999998636,17.64978175415039,0.12772369384765625,0
839.3114218711853,0.9050697204589844,-0.13999999999998636,17.560382492675778,0.14298248291015625,0
839.3531444072723,0.9036903259277344,0.01999999999998181,17.400080368652343,0.12772369384765625,0
839.3711595535278,0.8874824401855468,0.01999999999998181,18.3279830480957,0.14298248291015625,0
839.3751311302185,0.9081733581542968,0.01999999999998181,17.563465225830075,0.12772369384765625,0
839.378161907196,0.8988624450683593,-0.13999999999998636,17.622037155761717,0.12772369384765625,0
839.3831007480621,0.8978278991699218,-0.13999999999998636,17.4432386328125,0.12009429931640625,0
839.3874523639679,0.8926551696777343,-0.13999999999998636,18.3279830480957,0.14298248291015625,0
839.3914625644684,0.9054145690917969,0.01999999999998181,17.566547958984373,0.12772369384765625,0
839.3975281715393,0.8926551696777343,0.01999999999998181,17.464817764892576,0.12772369384765625,0
839.4015889167786,0.9047248718261718,0.01999999999998181,17.33226023925781,0.12772369384765625,0
839.4071743488312,0.8933448669433594,0.01999999999998181,17.55113429321289,0.12009429931640625,0
839.413204908371,0.9016212341308594,0.01999999999998181,17.529555161132812,0.12772369384765625,0
839.4272449016571,0.9057594177246093,0.01999999999998181,17.655947220458984,0.13535308837890625,0
839.459157705307,0.8919654724121093,0.01999999999998181,17.563465225830075,0.12772369384765625,0
839.4772734642029,0.9026557800292968,0.01999999999998181,17.609706223144528,0.12009429931640625,0
839.4822852611542,0.9005866882324218,0.01999999999998181,17.46173503173828,0.13535308837890625,0
839.486230134964,0.9057594177246093,0.01999999999998181,17.37233577026367,0.10483551025390625,0
839.4912023544312,0.8936897155761718,0.01999999999998181,17.55113429321289,0.14298248291015625,0
839.4942455291748,0.8940345642089843,-0.13999999999998636,17.58812709106445,0.12772369384765625,0
839.4981427192688,0.9098976013183593,0.01999999999998181,17.46173503173828,0.12009429931640625,0
839.5032114982605,0.8936897155761718,0.01999999999998181,17.39083216918945,0.12772369384765625,0
839.5062510967255,0.8902412292480468,-0.13999999999998636,17.560382492675778,0.12009429931640625,0
839.5122723579407,0.8940345642089843,0.01999999999998181,17.572713425292967,0.12772369384765625,0
839.5181860923767,0.8923103210449218,0.03999999999996362,17.3415084387207,0.12009429931640625,0
839.5313103199005,0.8936897155761718,0.03999999999996362,17.47098323120117,0.12009429931640625,0
839.5633308887482,0.8905860778808593,0.03999999999996362,17.486396896972654,0.12772369384765625,0
839.5823719501495,0.9005866882324218,0.01999999999998181,17.45865229858398,0.12009429931640625,0
839.5865345001221,0.8895515319824219,0.01999999999998181,18.284824783935544,0.13535308837890625,0
839.5926549434662,0.9057594177246093,0.01999999999998181,17.646699020996092,0.12772369384765625,0
839.5974972248077,0.8967933532714844,-0.13999999999998636,17.47098323120117,0.12772369384765625,0
839.6014924049377,0.9061042663574218,-0.12000000000000455,17.347673905029296,0.12009429931640625,0
839.6064445972443,0.8919654724121093,-0.12000000000000455,17.548051560058592,0.12772369384765625,0
839.6115875244141,0.9119666931152344,-0.12000000000000455,17.572713425292967,0.12772369384765625,0
839.6165883541107,0.8843788024902344,0.01999999999998181,17.449404099121093,0.13535308837890625,0
839.6225934028625,0.9002418395996094,0.01999999999998181,17.560382492675778,0.12772369384765625,0
839.6272313594818,0.9092079040527343,0.01999999999998181,17.615871689453122,0.12772369384765625,0
839.6330738067627,0.9071388122558594,0.01999999999998181,17.45248683227539,0.12009429931640625,0
839.6540961265564,0.9033454772949219,0.03999999999996362,18.065950729980468,0.12772369384765625,0
839.6811993122101,0.8940345642089843,-0.12000000000000455,17.486396896972654,0.12009429931640625,0
839.6941089630127,0.8874824401855468,-0.13999999999998636,17.665195419921872,0.12772369384765625,0
839.6981348991394,0.8985175964355469,0.01999999999998181,17.474065964355468,0.12772369384765625,0
839.7031760215759,0.8978278991699218,-0.12000000000000455,17.39083216918945,0.13535308837890625,0
839.7081468105316,0.9057594177246093,-0.12000000000000455,17.560382492675778,0.12009429931640625,0
839.7131323814392,0.8919654724121093,-0.12000000000000455,17.529555161132812,0.10483551025390625,0
839.7181684970856,0.8985175964355469,0.01999999999998181,17.36308757080078,0.12009429931640625,0
839.7231450080872,0.8988624450683593,0.01999999999998181,17.56963069213867,0.12772369384765625,0
839.7280495166779,0.8961036560058593,0.01999999999998181,17.625119888916014,0.10483551025390625,0
839.7331128120422,0.8967933532714844,0.01999999999998181,17.45248683227539,0.12009429931640625,0
839.7381405830383,0.8992072937011718,0.01999999999998181,18.2293355871582,0.13535308837890625,0
839.7591383457184,0.8985175964355469,0.01999999999998181,17.566547958984373,0.12772369384765625,0
839.7881596088409,0.8967933532714844,-0.12000000000000455,18.38963771118164,0.12009429931640625,0
839.8011655807495,0.9074836608886718,0.01999999999998181,17.41241130126953,0.10483551025390625,0
839.8051474094391,0.8961036560058593,-0.12000000000000455,18.155349991455076,0.12009429931640625,0
839.809149980545,0.8874824401855468,-0.12000000000000455,17.560382492675778,0.10483551025390625,0
839.8131444454193,0.9002418395996094,0.03999999999996362,17.52030696166992,0.12772369384765625,0
839.818146944046,0.8967933532714844,-0.12000000000000455,17.369253037109374,0.09720611572265625,0
839.8231649398804,0.8864478942871094,0.03999999999996362,17.563465225830075,0.12772369384765625,0
839.8274154663086,0.9057594177246093,0.03999999999996362,17.622037155761717,0.12772369384765625,0
839.8321397304535,0.8936897155761718,-0.12000000000000455,17.464817764892576,0.12772369384765625,0
839.8382368087769,0.9057594177246093,0.01999999999998181,18.420465042724608,0.10483551025390625,0
839.8422682285309,0.8888618347167968,-0.12000000000000455,17.560382492675778,0.10483551025390625,0
839.8476552963257,0.8961036560058593,-0.12000000000000455,17.48023143066406,0.10483551025390625,0
839.8622291088104,0.9081733581542968,-0.12000000000000455,17.572713425292967,0.12772369384765625,0
839.8931396007538,0.8985175964355469,0.01999999999998181,17.64978175415039,0.12772369384765625,0
839.9111571311951,0.9064491149902343,0.01999999999998181,17.64978175415039,0.12772369384765625,0
839.9151582717896,0.9019660827636719,0.01999999999998181,17.467900498046873,0.10483551025390625,0
839.9185154438019,0.8943794128417968,0.01999999999998181,17.344591171875,0.12772369384765625,0
839.9242300987244,0.9130012390136718,0.01999999999998181,17.55113429321289,0.12009429931640625,0
839.9282355308533,0.8850684997558593,0.01999999999998181,17.625119888916014,0.12772369384765625,0
839.9321336746216,0.8923103210449218,0.01999999999998181,17.464817764892576,0.12772369384765625,0
839.9381470680237,0.9102424499511719,0.01999999999998181,18.27865931762695,0.12009429931640625,0
839.9431390762329,0.9085182067871094,-0.13999999999998636,17.634368088378903,0.13535308837890625,0
839.9481463432312,0.8836891052246093,-0.13999999999998636,17.467900498046873,0.10483551025390625,0
839.9532036781311,0.9236915466308593,0.01999999999998181,17.387749436035154,0.12009429931640625,0
839.9572062492371,0.8843788024902344,-0.12000000000000455,17.548051560058592,0.09720611572265625,0
839.979163646698,0.8905860778808593,0.01999999999998181,17.563465225830075,0.10483551025390625,0
840.0062255859375,0.8988624450683593,0.03999999999996362,17.591209824218748,0.12009429931640625,0
840.0201697349548,0.9050697204589844,0.03999999999996362,17.535720627441403,0.12772369384765625,0
840.0241599082947,0.9030006286621093,0.01999999999998181,17.544968826904295,0.13535308837890625,0
840.0274333953857,0.9098976013183593,-0.13999999999998636,17.615871689453122,0.12009429931640625,0
840.0322926044464,0.8843788024902344,0.01999999999998181,17.464817764892576,0.13535308837890625,0
840.0376605987549,0.9016212341308594,0.01999999999998181,18.324900314941406,0.12772369384765625,0
840.0426588058472,0.9119666931152344,0.01999999999998181,17.63128535522461,0.13535308837890625,0
840.0477588176727,0.8836891052246093,0.01999999999998181,17.48023143066406,0.12772369384765625,0
840.0528411865234,0.8985175964355469,0.01999999999998181,17.384666702880857,0.12009429931640625,0
840.0581314563751,0.9305885192871093,0.01999999999998181,17.55113429321289,0.12772369384765625,0
840.0631403923035,0.8871375915527343,0.01999999999998181,17.529555161132812,0.12772369384765625,0
840.0851521492004,0.9171394226074219,0.01999999999998181,17.338425705566404,0.13535308837890625,0
840.1115734577179,0.8833442565917968,0.01999999999998181,17.591209824218748,0.12772369384765625,0
840.1251299381256,0.9026557800292968,-0.13999999999998636,17.56963069213867,0.13535308837890625,0
840.1291105747223,0.8878272888183594,0.01999999999998181,17.563465225830075,0.12009429931640625,0
840.1346063613892,0.8871375915527343,-0.13999999999998636,17.356922104492185,0.12009429931640625,0
840.1381378173828,0.9064491149902343,-0.13999999999998636,18.482119705810543,0.12009429931640625,0
840.143144607544,0.8933448669433594,0.01999999999998181,17.63128535522461,0.12009429931640625,0
840.1481649875641,0.9105872985839844,0.01999999999998181,17.474065964355468,0.10483551025390625,0
840.153169631958,0.8826545593261719,0.01999999999998181,17.396997635498046,0.12772369384765625,0
840.158136844635,0.9109321472167968,0.01999999999998181,17.566547958984373,0.12009429931640625,0
840.1631429195404,0.8871375915527343,-0.13999999999998636,17.532637894287106,0.10483551025390625,0
840.1676177978516,0.8967933532714844,0.01999999999998181,17.37233577026367,0.10483551025390625,0
840.1731536388397,0.8936897155761718,0.01999999999998181,17.566547958984373,0.12009429931640625,0
840.1776492595673,0.8926551696777343,0.01999999999998181,17.63128535522461,0.12772369384765625,0
840.1921410560608,0.8985175964355469,0.01999999999998181,17.566547958984373,0.12009429931640625,0
840.224133014679,0.8895515319824219,0.01999999999998181,17.560382492675778,0.12772369384765625,0
840.2421367168427,0.9261054870605469,-0.13999999999998636,17.56963069213867,0.12009429931640625,0
840.2461538314819,0.8874824401855468,0.01999999999998181,17.560382492675778,0.10483551025390625,0
840.2501583099365,0.8992072937011718,0.01999999999998181,17.449404099121093,0.12009429931640625,0
840.2541584968567,0.8961036560058593,-0.13999999999998636,18.22008738769531,0.10483551025390625,0
840.2591638565063,0.9019660827636719,-0.13999999999998636,17.563465225830075,0.12772369384765625,0
840.2631726264954,0.8943794128417968,0.01999999999998181,17.544968826904295,0.10483551025390625,0
840.268144607544,0.8995521423339843,-0.13999999999998636,17.37233577026367,0.10483551025390625,0
840.2731354236603,0.9016212341308594,0.01999999999998181,17.566547958984373,0.12772369384765625,0
840.2781484127045,0.8985175964355469,0.01999999999998181,17.63128535522461,0.09720611572265625,0
840.2831387519836,0.8971382019042968,-0.13999999999998636,17.449404099121093,0.12772369384765625,0
840.3141388893127,0.9016212341308594,0.01999999999998181,17.48023143066406,0.13535308837890625,0
840.3531739711761,0.9012763854980468,0.01999999999998181,17.38158396972656,0.13535308837890625,0
840.375180721283,0.9002418395996094,0.01999999999998181,17.563465225830075,0.12009429931640625,0
